0 0 0
0 0 0
0 0 0
0 0 0.987654
0 0 1.97531
0 0 3.95062
0 0 3.95062
0 0 3.95062
0 0 1.97531
0 -0.0493827 1.71193
0 -0.288066 1.93416
0 -0.897119 3.41564
-0.0164609 -1.90947 3.58848
-0.115226 -3.06173 2.88066
-0.411523 -3.88477 1.76955
-0.971193 -4 1.49794
-1.64609 -3.39095 2.40329
-2.05761 -2.40329 4.68313
-1.84362 -1.48148 7.98354
-0.987654 -0.864198 11.2346
0.148148 -0.518519 13.1358
1.11934 -0.296296 12.963
1.71193 -0.0987654 11.0041
1.95885 0.106996 8.24691
1.95885 0.329218 5.69547
1.76132 0.54321 3.87654
1.39918 0.683128 2.79835
1.00412 0.674897 2.23045
0.773663 0.493827 1.95062
0.839506 0.18107 1.82716
1.1358 -0.18107 1.79424
1.46502 -0.502058 1.81893
1.67901 -0.73251 1.88477
1.76132 -0.888889 1.95885
1.77778 -1.03704 2
1.58025 -1.03704 1.77778
1.38272 -1.0535 1.55556
1.18519 -1.01235 1.38272
1.18519 -1.07819 1.44033
0.987654 -0.897119 1.2428
0.592593 -0.534979 0.748971
0.197531 -0.17284 0.255144
0 0 0
0 0 0
0 0 0
0 0 0
0 0 0
0 0 0
0 0 0
0 0 0
0 0 0
0 0 0
0 0 0
0 0 0
0 0 0
0.0493827 -0.197531 0.954733
0.0823045 -0.592593 2.99588
-0.0164609 -1.18519 6.11523
-0.460905 -1.58025 8.24691
-1.20165 -1.77778 8.8642
-2.05761 -1.77778 7.69547
-2.74897 -1.79424 5.77778
-3.12757 -1.893 3.67078
-3.16049 -2.18107 1.96708
-2.96296 -2.70782 1.02058
-2.76543 -3.34979 0.757202
-2.76543 -3.85185 0.781893
-2.58436 -3.62963 0.716049
-2.07407 -2.73251 0.477366
-1.08642 -1.34979 0.205761
-0.773663 -0.987654 0.0493827
-0.790123 -1.10288 0
-1.18519 -1.65432 0
-0.790123 -1.10288 0
-0.395062 -0.55144 0
0 0 0
0 0 0
0 0 0
0 0 0
0 0 0
0 0 0
0 0 0
0 0 0
0 0 0
0 0 0
-0.493827 -0.72428 0.148148
-1.49794 -2.14815 0.55144
-2.50206 -3.57202 0.954733
-2.51852 -3.54733 1.06173
-1.5144 -2.12346 0.658436
-0.510288 -0.699588 0.255144
0 0 0
0 0 0
0 0 0
0 0 0
0 0 0
0 0 0
0 0 0
0 0 0
0 0 0
0 0 0
-0.329218 -0.1893 0.91358
-1.02058 -0.559671 2.5679
-1.71193 -0.930041 4.22222
-2.12346 -1.19342 4.36214
-2.22222 -1.4321 3.18519
-2.71605 -1.99177 2.13992
-3.06173 -2.3786 1.60494
-3.07819 -2.24691 1.88477
-2.33745 -1.27572 2.50206
-1.41564 0.0658436 3.72016
-0.641975 1.31687 5.06173
-0.197531 2.14815 6.04115
-0.0164609 2.52675 6.35391
0.0987654 2.60905 5.93416
0.296296 2.55967 4.91358
0.576132 2.4856 3.55556
0.790123 2.44444 2.1893
0.790123 2.43621 1.09465
0.576132 2.40329 0.378601
0.296296 2.0823 0.0246914
0.0987654 1.49794 -0.0987654
0.0164609 0.72428 -0.0740741
0 0.230453 -0.0329218
0 0 0
0 0 0
0 0 0
0 0 0
0 0 0
0 0 0
0 0 0
0 0 0
0 0 0
0 0 0
0 0 0
0 0 0
0 0 0
0 0 0
0 0 0
0 0 0
0 0 0
0 0 0
0 0 0
0 0 0
0 0 0
0 0 0
0 0 0
0 0 0
0 0 0
0 0 0
0 0 0
0 0 0
0 0 0
0 0 0
0 0 0
-0.806584 -0.617284 -0.0493827
-2.43621 -1.86008 -0.0658436
-4.92181 -3.72016 0.148148
-6.69959 -4.9465 0.946502
-7.73663 -5.5144 2.33745
-7.9177 -5.44033 3.95062
-7.88477 -5.37449 5.16049
-7.57202 -5.34979 5.67078
-7.01235 -5.37449 5.65432
-6.32099 -5.4321 5.50617
-5.66255 -5.45679 5.41564
-5.18519 -5.34979 5.27572
-4.85597 -5.06996 4.9465
-4.42798 -4.69959 4.46914
-3.67078 -4.3786 4.01646
-2.5679 -3.73663 3.3251
-1.44856 -2.74897 2.39506
-0.576132 -1.36626 1.17695
-0.148148 -0.452675 0.386831
0 0 0
0 0 0
0 0 0
0 0 0
0 0 0
0 0 0
0 0 0
0 0 0
0 0 0
0 0 0
0 0 0
0 0 0
0 0 0
0 0 0
0 0 0
0 0 0
0 0 0
0 0 0
0 0 0
0 0 0
0 0 0
0 0 0
0 0 0
0 0 0
0 0 0
0 0 0
0 0 0
0 0 0
0 0 0
0 0 0
0 0 0
0 0 0
-0.279835 -0.526749 0.353909
-0.839506 -1.54733 1.25926
-1.61317 -2.99588 3.21811
-1.92593 -3.67901 6.11523
-1.61317 -3.47325 9.95885
-0.625514 -2.34568 13.8601
0.658436 -1.01235 16.8889
1.97531 0.213992 18.1893
3.04527 1.07819 17.6543
3.67078 1.53909 15.5967
3.78601 1.72016 12.4198
3.48971 1.76955 8.59259
3.01235 1.76955 4.73251
2.58436 1.7284 1.48148
2.22222 1.61317 -0.757202
1.79424 1.38272 -1.98354
1.23457 1.00412 -2.47737
0.625514 0.444444 -2.55967
0.18107 -0.0576132 -2.22222
-0.0658436 -0.36214 -1.59671
-0.0823045 -0.279835 -0.773663
-0.0493827 -0.131687 -0.246914
0 0 0
0 0 0
0 0 0
0 0 0
0 0 0
0 0 0
0 0 0
0 0 0
0 0 0
0 0 0
0 0 0
0 0 0
0 0 0
0 0 0
0 0 0
0 0 0
0 0 0
0 0 0
0 0 0
0 0 0
0 0 0
0 0 0
0 0 0
0 0 0
0 0 0
0 0 0
0 0 0
0 0 0
0 0 0
0 0 0
0 0 0
0 0 0
-0.345679 -0.197531 0.855967
-1.0535 -0.592593 2.53498
-2.09053 -1.18519 5.08642
-2.68313 -1.58025 6.91358
-2.71605 -1.77778 8.19753
-2.22222 -1.76132 8.88889
-1.7284 -1.67901 9.58025
-1.4321 -1.45679 9.9177
-1.33333 -1.0535 9.7037
-1.18519 -0.584362 8.23868
-0.888889 -0.139918 6.32922
-0.460905 0.123457 4.19753
-0.18107 0.263374 3.52263
-0.0329218 0.222222 3.19342
-0.0164609 0.0987654 3.3251
0.0164609 -0.106996 3.1358
0.0987654 -0.329218 3.11111
0.296296 -0.55144 3.07819
0.460905 -0.633745 2.6749
0.493827 -0.54321 1.95062
0.296296 -0.288066 0.954733
0.115226 -0.0987654 0.312757
0 0 0
0 0 0
0 0 0
0 0 0
0 0 0
0 0 0
0 0 0
0 0 0
0 0 0
0 0 0
0 0 0
0 0 0
0 0 0
0 0 0
0 0 0
0 0 0
0 0 0
0 0 0
0 0 0
0 0 0
0 0 0
0 0 0
0 0 0
0 0 0
0 0 0
0 0 0
0 0 0
-0.345679 -0.197531 0.765432
-0.90535 -0.584362 2.35391
-1.5144 -1.1358 4.92181
-1.34979 -1.42387 7.15226
-0.609053 -1.44856 8.96296
0.395062 -1.27572 9.71193
1.02058 -1.19342 9.2428
1.20165 -1.22634 7.25103
1.02058 -1.29218 4.58436
0.658436 -1.29218 2.60082
0.312757 -1.22634 2.00823
0.0823045 -1.19342 2.42798
-0.0823045 -1.27572 3.04527
-0.312757 -1.44856 3.37449
-0.658436 -1.6214 3.38272
-1.03704 -1.7284 3.21811
-1.34979 -1.76955 3.00412
-1.34979 -1.58025 2.52675
-1.08642 -1.18519 1.82716
-0.559671 -0.592593 0.897119
-0.197531 -0.197531 0.296296
0 0 0
0 0 0
0 0 0
0 0 0
0 0 0
0 0 0
0 0 0
0 0 0
0 0 0
0 0 0
0 0 0
0 0 0
0 0 0
0 0 0
0 0 0
0 0 0
0 0 0
0 0 0
0 0 0
0 0 0
0 0 0
0 0 0
0 0 0
0 0 0
0 0 0
0 0 0
0 0 0
0 0 0
0 0 0
0 0 0
0.559671 -0.296296 2.1893
1.67901 -0.880658 6.44444
3.25926 -1.7284 12.5926
4.04938 -2.20576 16.0247
3.95062 -2.28807 16.6996
3.12757 -2.00823 14.6584
2.40329 -1.75309 12.3045
1.77778 -1.42387 9.26749
1.41564 -1.22634 6.59259
1.16872 -1.10288 4.51029
1.28395 -1.35802 4.32922
1.26749 -1.58025 4.46091
1.08642 -1.58025 4.26337
0.641975 -1.18519 3.01235
0.263374 -0.592593 1.44856
0.0658436 -0.197531 0.460905
0 0 0
0 0 0
0 0 0
0 0 0
0 0 0
0 0 0
0 0 0
0 0 0
0 0 0
0 0 0
0 0 0
0 0 0
0 0 0
0 0 0
0 0 0
0 0 0
0 0 0
0 0 0
0 0 0
0 0 0
0 0 0
0 0 0
0 0 0
0 0 0
0 0 0
0 0 0
0 0 0
0 0 0
0.115226 0.0658436 1.37449
0.427984 0.230453 4.35391
1.00412 0.526749 9.11111
1.67901 0.855967 12.9547
2.33745 1.17695 15.3333
2.8642 1.4321 15.7119
3.2428 1.6214 15.1358
3.42387 1.72016 13.7942
3.34156 1.72016 12
2.93004 1.6214 10
2.20576 1.44033 7.95062
1.34979 1.22634 6.00823
0.609053 1.03704 4.36214
0.164609 0.823045 2.9465
-0.0164609 0.576132 1.78601
-0.0329218 0.279835 0.790123
-0.0164609 0.090535 0.238683
0 0 0
0 0 0
0 0 0
0 0 0
0 0 0
0 0 0
0 0 0
0 0 0
0 0 0
0 0 0
0 0 0
0 0 0
0 0 0
0 0 0
0 0 0
0 0 0
0 0 0
0 0 0
0 0 0
0 0 0
0 0 0
0 0 0
0 0 0
0 0 0
0 0 0
0 0 0
0 0 0
0 0 0
0 0 0
0 0 0
-0.18107 -0.238683 1.09465
-0.592593 -0.73251 3.52263
-1.23457 -1.48148 7.52263
-1.64609 -1.97531 11.0453
-1.59671 -2.13169 13.5556
-0.987654 -1.90947 14.321
-0.148148 -1.58025 13.8025
0.641975 -1.22634 12
1.16872 -0.897119 9.38272
1.33333 -0.600823 6.60905
1.0535 -0.36214 4.22222
0.312757 -0.263374 2.4856
-0.740741 -0.427984 1.42387
-1.44856 -0.625514 0.823045
-1.53086 -0.707819 0.485597
-1.16872 -1.06996 0.353909
-0.888889 -1.44856 0.337449
-0.839506 -1.90123 0.395062
-0.559671 -1.26749 0.263374
-0.279835 -0.633745 0.131687
0 0 0
0 0 0
0 0 0
0 0 0
0 0 0
0 0 0
0 0 0
0 0 0
0 0 0
0 0 0
0 0 0
0 0 0
0 0 0
0 0 0
0 0 0
0 0 0
0 0 0
0 0 0
0 0 0
0 0 0
0 0 0
0 0 0
0 0 0
0 0 0
0 0 0
0 0 0
0 0 0
0 0 0
0 -0.0935673 0.748538
0 -0.280702 2.24561
0 -0.467836 3.74269
0 -0.561404 4.49123
0 -0.561404 4.49123
0 -0.654971 5.23977
0 -0.748538 5.9883
0 -0.834308 6.70565
0 -0.818713 6.54971
-0.0155945 -0.834308 6.12865
-0.124756 -0.998051 5.37232
-0.233918 -1.08382 4.11696
-0.311891 -1.01365 2.64327
-0.202729 -0.576998 1.18519
-0.654971 -0.865497 0.499025
-1.66862 -1.84016 0.670565
-2.77583 -3.04094 1.19298
-3.16569 -3.1345 2.44834
-2.72904 -2.10526 4.07018
-2.41715 -0.998051 6.75244
-1.87914 -0.0935673 8.42885
-1.33333 0.34308 8.89669
-0.491228 0.709552 7.61014
0.0779727 0.77193 5.7154
0.467836 0.647173 3.74269
0.810916 0.374269 2.19103
1.1462 -0.00779727 1.28655
1.4269 -0.42885 0.896686
1.59844 -0.842105 0.748538
1.66862 -1.25536 0.678363
1.49708 -1.40351 0.569201
1.12281 -1.23197 0.42885
0.561404 -0.670565 0.218324
0.249513 -0.522417 0.319688
0.0623782 -0.842105 0.77193
0.0623782 -1.40351 1.30214
-0.0623782 -1.40351 1.34893
-0.0623782 -0.842105 0.818713
-0.0623782 -0.280702 0.288499
0 0 0
0 0 0
0 0 0
0 0 0
0 0 0
0 0 0
0 0 0
0 0 0
0 0 0
0 0 0
0 0 0
0 0 0
0 0 0
0 0 0
0 0 0
0.116959 -0.187135 0.592593
0.319688 -0.569201 1.75439
0.615984 -1.16959 3.37622
0.810916 -1.64522 4.12476
1.00585 -2.0039 3.89864
1.21637 -2.20663 2.78363
1.51267 -2.38596 1.55945
1.78558 -2.53411 0.436647
1.94932 -2.71345 -0.452242
1.96491 -2.98635 -1.06043
1.88694 -3.32164 -1.45809
1.82456 -3.59454 -1.79337
1.82456 -3.69591 -2.18324
1.85575 -3.64133 -2.64327
1.65302 -3.1501 -2.67446
1.23197 -2.31579 -2.19103
0.608187 -1.1462 -1.1462
0.202729 -0.382066 -0.397661
0 0 0
0 0 0
0 0 0
0 0 0
0 0 0
0 0 0
0 0 0
0 0 0
0 0 0
0 0 0
-0.405458 -0.382066 0.888889
-1.16959 -1.08382 2.88499
-1.93372 -1.78558 4.88109
-1.88694 -1.7232 5.09942
-1.12281 -1.02144 3.10331
-0.358674 -0.319688 1.10721
0 0 0
0 0 0
0 0 0
0 0 0
0 0 0
0 0 0
0 0 0
0 0 0
-0.0467836 -0.00779727 0.623782
-0.0935673 -0.0155945 1.24756
-0.140351 -0.0233918 1.87135
-0.0935673 -0.0155945 1.24756
-0.0467836 -0.00779727 0.623782
0 0 0
0 0 0
-0.233918 -0.42885 0.444444
-0.810916 -1.4191 1.25536
-1.73099 -3.03314 2.35478
-2.44834 -4.41326 2.88499
-2.66667 -5.20078 3.1423
-2.32359 -5.09162 3.4308
-1.74659 -4.33528 4.21832
-1.154 -3.1423 5.17739
-0.654971 -1.90253 5.96491
-0.296296 -0.982456 6.47953
-0.0935673 -0.538012 6.79922
-0.0155945 -0.506823 6.90838
0.0155945 -0.764133 6.5653
0.0935673 -1.22417 5.45809
0.296296 -1.83236 3.50097
0.639376 -2.51852 1.03704
1.04483 -3.17349 -1.30214
1.20078 -3.22027 -2.51072
1.02924 -2.60429 -2.44834
0.545809 -1.34893 -1.34893
0.187135 -0.460039 -0.467836
0 0 0
0 0 0
0 0 0
0 0 0
0 0 0
0 0 0
0 0 0
0 0 0
0 0 0
0 0 0
0 0 0
0 0 0
0 0 0
0 0 0
0 0 0
-1.12281 -1.03704 0.155945
-2.24561 -2.07407 0.311891
-3.36842 -3.11111 0.467836
-2.24561 -2.07407 0.311891
-1.85575 -1.7076 1.48148
-2.07407 -1.93372 3.92982
-3.4152 -3.19688 6.53411
-3.29045 -3.11891 6.48733
-1.94932 -1.85575 3.88304
-0.608187 -0.592593 1.27875
0 0 0
0 0 0
0 0 0
-0.280702 -0.654971 -0.389864
-0.888889 -2.0117 -0.77193
-1.80897 -4.14815 -0.553606
-2.43275 -5.83236 1.51267
-2.68226 -6.99415 4.84211
-2.68226 -7.4308 8.31189
-2.88499 -7.57895 10.5575
-3.30604 -7.40741 11.384
-3.7115 -7.07212 11.0253
-3.88304 -6.76023 9.84795
-3.83626 -6.54971 8.31189
-3.7115 -6.44055 6.90058
-3.58674 -6.44834 5.90253
-3.44639 -6.64327 5.28655
-3.30604 -7.09552 4.83431
-3.27485 -7.79727 4.30409
-3.44639 -8.60039 3.50877
-3.74269 -9.25536 2.38596
-3.91423 -9.57505 1.1384
-3.46199 -8.54581 0.17154
-2.46394 -6.34698 -0.249513
-1.16959 -3.1423 -0.218324
-0.358674 -1.03704 -0.0779727
0 0 0
0 0 0
0 0 0
0 0 0
0 0 0
0 0 0
0 0 0
0 0 0
0 0 0
0 0 0
0 0 0
0 0 0
0 0 0
0 0 0
0 0 0
0 0 0
0 0 0
0 0 0
0 0 0
0 0 0
0 0 0
0 0 0
0 0 0
0.421053 -0.740741 0.311891
1.23197 -2.13645 1.7154
2.41715 -4.09357 4.79532
3.1345 -5.06043 9.20858
3.44639 -5.18519 13.4659
3.38402 -4.65497 16.3509
3.36842 -4.35088 17.4815
3.36842 -4.23392 17.232
3.36842 -4.21832 15.8363
3.36842 -4.25731 13.2943
3.36842 -4.35867 9.7232
3.36842 -4.53801 5.67641
3.36842 -4.77973 2.01949
3.35283 -5.04483 -0.506823
3.27485 -5.27875 -1.65302
3.05653 -5.4191 -1.63743
2.63548 -5.4269 -0.888889
1.96491 -4.76413 -0.08577
1.20078 -3.50877 0.397661
0.51462 -1.73099 0.335283
0.140351 -0.569201 0.155945
0 0 0
0 0 0
0 0 0
0 0 0
0 0 0
0 0 0
0 0 0
0 0 0
0 0 0
0 0 0
0 0 0
0 0 0
0 0 0
-0.124756 -0.179337 0.865497
-0.249513 -0.358674 1.73099
-0.374269 -0.538012 2.59649
-0.249513 -0.358674 1.73099
-0.124756 -0.179337 0.865497
0 0 0
0 0 0
0 0 0
0 0 0
0 0 0
0 0 0
0 0 0
0 0 0
0 -0.0389864 0.311891
-0.0155945 -0.17154 1.06043
-0.0935673 -0.452242 2.40936
-0.280702 -0.842105 3.88304
-0.545809 -1.25536 5.31774
-0.748538 -1.59064 6.40936
-0.748538 -1.80117 7.15789
-0.545809 -1.87914 7.47758
-0.296296 -1.85575 7.423
-0.124756 -1.59844 6.43275
-0.140351 -1.34893 5.23197
-0.296296 -1.1306 3.88304
-0.592593 -1.31774 3.78947
-0.842105 -1.54386 3.75828
-0.951267 -1.83236 3.87524
-0.826511 -2.0039 3.47758
-0.561404 -2.20663 3.12671
-0.280702 -2.37817 2.72904
-0.109162 -2.47953 2.2768
-0.0467836 -2.23782 1.7076
-0.0467836 -1.68421 1.10721
-0.0311891 -0.842105 0.506823
-0.0155945 -0.280702 0.155945
0 0 0
0 0 0
0 0 0
0 0 0
0 0 0
0 0 0
0 0 0
0 0 0
0 0 0
0 0 0
0 0 0
0 0 0
0 0 0
0 0 0
0 0 0
0 0 0
0 0 0
0 0 0
0 0 0
0 0 0
0 0 0
0 0 0
0 0 0
0 0 0
0 0 0
0 0 0
0 0 0
0 0 0
-0.218324 0.00779727 0.553606
-0.592593 0.0155945 1.77778
-1.06043 0.0233918 3.84405
-1.12281 0.00779727 5.76998
-0.810916 -0.0389864 7.24366
-0.124756 -0.148148 7.61793
0.701754 -0.319688 6.8616
1.60624 -0.530214 5.08382
2.41715 -0.748538 3.07992
2.97856 -0.990253 1.7154
3.25926 -1.30214 1.27875
3.35283 -1.68421 1.4347
3.36842 -2.05848 1.67641
3.36842 -2.33138 1.7232
3.35283 -2.47173 1.58285
3.27485 -2.51852 1.40351
3.07212 -2.52632 1.30214
2.52632 -2.24561 1.1462
1.73099 -1.68421 0.873294
0.873294 -1.12281 0.647173
0.374269 -0.842105 0.553606
0.187135 -0.842105 0.608187
0.124756 -0.561404 0.405458
0.0623782 -0.280702 0.202729
0 0 0
0 0 0
0 0 0
0 0 0
0 0 0
0 0 0
0 0 0
0 0 0
0 0 0
0 0 0
0 0 0
0 0 0
0 0 0
0 0 0
0 0 0
0 0 0
0 0 0
0 0 0
0 0 0
0 0 0
0 0 0
0 0 0
0 0 0
0 0 0
0 0 0
0 0 0
0.421053 0 1.4269
1.34113 0 4.23392
2.79142 0 8.37427
3.89864 -0.00779727 10.9552
4.44444 -0.0467836 12.0078
4.31969 -0.148148 11.4542
3.97661 -0.319688 10.5029
3.57115 -0.522417 8.90448
3.1501 -0.701754 6.71345
2.51072 -0.717349 4.2885
1.68421 -0.576998 2.22222
0.779727 -0.296296 0.826511
0.233918 -0.101365 0.194932
-0.0623782 -0.311891 -0.25731
-0.124756 -0.623782 -0.51462
-0.187135 -0.935673 -0.77193
-0.124756 -0.623782 -0.51462
-0.0623782 -0.311891 -0.25731
0 0 0
0 0 0
0 0 0
0 0 0
0 0 0
0 0 0
0 0 0
0 0 0
0 0 0
0 0 0
0 0 0
0 0 0
0 0 0
0 0 0
0 0 0
0 0 0
0 0 0
0 0 0
0 0 0
0 0 0
0 0 0
0 0 0
0 0 0
0 0 0
0 0 0
0 0 0
0.109162 0.0545809 1.45029
0.483431 0.155945 4.49123
1.26316 0.265107 9.20858
2.32359 0.241715 12.7173
3.39961 0.101365 14.6823
4.22612 -0.0623782 14.8226
4.72515 -0.124756 14.4016
4.94347 -0.0935673 13.4191
4.94347 -0.0467836 11.7973
4.74074 -0.0623782 9.38791
4.2885 -0.202729 6.17544
3.52437 -0.522417 2.46394
2.43275 -1.03704 -1.16959
1.1384 -1.68421 -4.17934
-0.0935673 -2.33918 -6.31579
-0.810916 -2.48733 -6.65887
-0.920078 -2.06628 -5.4191
-0.530214 -1.08382 -2.80702
-0.187135 -0.374269 -0.959064
0 0 0
0 0 0
0 0 0
0 0 0
0 0 0
0 0 0
0 0 0
0 0 0
0 0 0
0 0 0
0 0 0
0 0 0
0 0 0
0 0 0
0 0 0
0 0 0
0 0 0
0 0 0
0 0 0
0 0 0
0 0 0
0 0 0
0 0 0
0 0 0
0 0 0
0 0 0
0 0 0
0 0 0
0 0 0
0 0 0
0 0 0
0 0 0
-0.374269 -0.350877 1.06823
-0.748538 -0.701754 2.13645
-1.154 -1.23977 4.70955
-0.795322 -1.20858 6.70565
-0.374269 -1.27875 10.2144
0.233918 -1.06823 12.0936
0.608187 -1.03704 13.076
1.04483 -0.896686 11.8519
1.40351 -0.849903 9.78558
1.68421 -0.842105 7.00195
1.96491 -0.842105 3.85185
2.32359 -0.842105 0.865497
2.72904 -0.842105 -1.48148
3.07212 -0.849903 -2.99415
3.27485 -0.896686 -3.77388
2.97856 -0.849903 -3.61793
2.24561 -0.693957 -2.76803
1.12281 -0.366472 -1.38791
0.374269 -0.132554 -0.460039
0 0 0
0 0 0
0 0 0
0 0 0
0 0 0
0 0 0
-0.0623782 -0.288499 1.30214
-0.124756 -0.576998 2.60429
-0.187135 -0.865497 3.90643
-0.124756 -0.576998 2.60429
-0.0623782 -0.288499 1.30214
0 0 0
0 0 0
0 0 0
0 0 0
0 0 0
0 0 0
0 0 0
0 0 0
0 0 0
0 0 0
0 0 0
0 -0.352035 0.70407
0 -1.05611 2.11221
0 -1.76018 3.52035
0 -1.76018 3.52035
0 -1.05611 2.11221
0 -0.352035 0.70407
0 0 0
0 -0.352035 0.70407
0 -1.05611 2.11221
0 -2.11221 4.22442
0 -2.81628 5.63256
0 -3.16832 6.33663
0 -3.16832 6.33663
0 -3.16832 6.33663
0 -3.16832 6.33663
0 -3.16832 6.33663
0 -2.81628 5.63256
0 -2.11221 4.22442
-0.00733407 -1.43014 2.85295
-0.0146681 -1.10011 2.18555
-0.0220022 -1.12211 2.22222
-0.0146681 -0.748075 1.48148
-0.00733407 -0.374037 0.740741
0 0 0
0 0 0
0 0 0
0 0 0
0 0 0
-0.0586725 -0.176018 0.498717
-0.102677 -0.330033 1.6795
-0.0293363 -0.388706 3.66703
0.381371 -0.0660066 5.52989
1.02677 0.110011 6.9527
1.67217 -0.146681 7.73011
2.00953 -0.990099 8.24349
2.00953 -2.0462 8.56619
1.83352 -3.05097 8.72021
1.67217 -3.94573 8.74954
1.59883 -4.76714 8.76421
1.58416 -5.50788 8.88889
1.58416 -6.07994 9.15292
1.56949 -6.3733 9.47561
1.49615 -6.32197 9.73964
1.30546 -5.85259 9.85699
0.968097 -4.87715 9.78365
0.528053 -3.39567 9.53429
0.0880088 -1.61349 9.20425
-0.23469 0.102677 8.91089
-0.366703 1.43014 8.69087
-0.293363 2.19289 8.50018
-0.0146681 2.33957 8.32417
0.249358 1.92153 7.29006
0.39604 1.19545 5.43454
0.264026 0.506051 2.7136
0.117345 0.124679 0.909424
0 0 0
0 0 0
0 0 0
0 0 0
0 0 0
0 0 0
0 0 0
0 0 0
0 0 0
0 0 0
0 0 0
0 0 0
0 0 0
0 0 0
0 0 0
0 0 0
-0.176018 -0.498717 1.23212
-0.425376 -1.42281 3.57169
-0.689402 -2.72827 6.96003
-0.601393 -3.39567 8.88155
-0.366703 -3.56436 9.44628
-0.102677 -3.32967 8.54419
0 -3.25633 7.26806
0.0880088 -3.32233 5.6179
0.278695 -3.49835 3.90172
0.601393 -3.71104 2.42758
0.982765 -3.84305 1.18078
1.30546 -3.80638 -0.0586725
1.49615 -3.62303 -1.36414
1.58416 -3.40301 -2.54492
1.67217 -3.24899 -3.359
1.56949 -2.83095 -3.32967
1.26146 -2.11221 -2.59626
0.660066 -1.05611 -1.3128
0.23469 -0.352035 -0.440044
0 0 0
0 0 0
0 0 0
0 0 0
0 0 0
0 0 0
0 0 0
0 0 0
0 0 0
0 0 0
0 0 0
0 0 0
0 0 0
0 0 0
0 0 0
0 0 0
0 0 0
0 0 0
0 0 0
0 0 0
0 0 0
0 0 0
0 0 0
0 0 0
0 0 0
0 0 0
0 0 0
0 0 0
0 0 0
0 0 0
0 0 0
0 0 0
0.0733407 -0.90209 0.132013
0.23469 -2.6916 0.43271
0.498717 -5.17052 0.953429
0.762743 -6.23396 1.43748
1.05611 -5.66923 1.79685
1.39347 -3.77704 1.95086
1.76018 -2.06821 2.07554
2.0242 -1.04877 2.28089
2.08287 -0.762743 2.59626
1.96553 -0.946095 2.89696
1.78951 -1.32013 2.99963
1.6575 -1.70884 2.76494
1.59883 -2.03154 2.19289
1.58416 -2.27356 1.48882
1.40814 -2.14888 0.850752
1.05611 -1.6795 0.440044
0.528053 -0.858086 0.176018
0.176018 -0.293363 0.0586725
0 0 0
0 0 0
0 0 0
0 0 0
0 0 0
0 0 0
0 0 0
0 0 0
0 0 0
0 0 0
0 0 0
0 0 0
0 0 0
0 0 0
0 0 0
0 0 0
0 0 0
0 0 0
-0.425376 -0.322699 0.454712
-0.850752 -0.645398 0.909424
-1.27613 -0.968097 1.36414
-0.850752 -0.645398 0.909424
-0.425376 -0.322699 0.454712
0 0 0
0 0 0
0 0 0
0 0 0
0 0 0
0 0 0
0 0 0
-0.190686 -0.462046 0.23469
-0.616062 -1.50348 0.894756
-1.3348 -3.19032 2.11221
-2.00953 -4.58379 3.51302
-2.53759 -5.3832 4.77448
-2.7136 -5.39787 5.57389
-2.52292 -5.08984 5.80858
-1.95086 -4.70114 5.42721
-1.20279 -4.40777 4.65713
-0.557389 -4.23176 3.92373
-0.176018 -4.09974 3.53502
-0.0293363 -3.95306 3.42501
0 -3.79905 3.293
0 -3.27833 2.75028
0 -2.83095 2.0462
0 -2.03154 1.21012
0 -1.65017 0.770077
0 -0.836084 0.337367
0 -0.418042 0.168684
0 0 0
0 0 0
0 0 0
0 0 0
0 0 0
0 0 0
0 0 0
0 0 0
0 0 0
0 0 0
0 0 0
0 0 0
0 0 0
0 0 0
0 0 0
0 0 0
0 0 0
0 0 0
0 0 0
0 0 0
0 0 0
0 0 0
0 0 0
0 0 0
0 0 0
0 0 0
0 0 0
0 0 0
0 0 0
0 0 0
0 0 0
0 -0.528053 0.711404
-0.0146681 -1.58416 2.29556
-0.102677 -3.14631 5.17052
-0.366703 -4.08508 8.47818
-0.880088 -4.27576 12.3652
-1.58416 -3.63036 16.2156
-2.28823 -2.74294 19.626
-2.77228 -1.84085 21.7235
-2.88962 -1.17345 22.2809
-2.59626 -0.836084 21.5182
-1.96553 -0.755409 19.7286
-1.20279 -0.814081 17.2277
-0.557389 -0.968097 14.4554
-0.176018 -1.23212 11.9399
-0.0293363 -1.58416 10.055
0 -1.93619 8.88155
-0.0146681 -2.19289 8.27283
-0.0880088 -2.3249 8.0088
-0.278695 -2.3689 7.89879
-0.440044 -2.11221 6.9747
-0.484048 -1.58416 5.19985
-0.293363 -0.792079 2.58893
-0.117345 -0.264026 0.858086
0 0 0
0 0 0
0 0 0
0 0 0
0 0 0
0 0 0
0 0 0
0 0 0
0 0 0
0 0 0
0 0 0
0 0 0
0 0 0
0 0 0
0 0 0
0 0 0
0 0 0
0 0 0
0 0 0
0 0 0
0 0 0
0 0 0
0 0 0
0 0 0
0 0 0
0 0 0
0 0 0
0 0 0
-0.146681 -0.352035 0.190686
-0.410708 -1.05611 0.608728
-0.748075 -2.11221 1.30546
-0.86542 -2.81628 1.97286
-0.86542 -3.17565 2.66227
-0.86542 -3.21232 3.42501
-0.982765 -3.30033 4.39311
-1.04144 -3.42501 5.3392
-0.909424 -3.52035 5.9626
-0.660066 -3.52035 6.13861
-0.410708 -3.07297 5.3832
-0.249358 -2.24422 3.93839
-0.132013 -1.45215 2.26623
-0.0733407 -1.41547 1.53282
-0.0440044 -2.11221 1.64283
-0.0440044 -2.81628 1.90686
-0.102677 -3.16832 1.92153
-0.278695 -3.16832 1.85552
-0.601393 -3.16832 2.09021
-0.806747 -2.81628 2.11955
-0.777411 -2.11221 1.76018
-0.440044 -1.05611 0.931426
-0.161349 -0.352035 0.322699
0 0 0
0 0 0
0 0 0
0 0 0
0 0 0
0 0 0
0 0 0
0 0 0
0 0 0
0 0 0
0 0 0
0 0 0
0 0 0
0 0 0
0 0 0
0 0 0
0 0 0
0 0 0
0 0 0
0 0 0
0 0 0
0 0 0
0 0 0
0 0 0
0 -0.102677 0.212688
0 -0.352035 0.711404
-0.0146681 -0.799413 1.64283
-0.0880088 -1.28346 2.77961
-0.278695 -1.75284 4.13641
-0.586725 -2.14155 5.48588
-0.880088 -2.52292 6.63
-0.953429 -2.93363 7.28273
-0.70407 -3.38834 7.42941
-0.264026 -3.80638 7.26073
0.102677 -4.06307 6.90869
0.23469 -4.09974 6.29263
0.176018 -3.9824 5.22186
0.0733407 -3.84305 3.6817
0.0146681 -3.77704 1.96553
0 -3.79905 0.476714
0 -3.86505 -0.550055
0 -3.92373 -1.14411
0 -3.51302 -1.26146
0 -2.64026 -1.02677
0 -1.32013 -0.528053
0 -0.440044 -0.176018
0 0 0
0 0 0
0 0 0
0 0 0
0 0 0
0 0 0
0 0 0
0 0 0
0 0 0
0 0 0
0 0 0
0 0 0
0 0 0
0 0 0
0 0 0
0 0 0
0 0 0
0 0 0
0 0 0
0 0 0
0 0 0
0 0 0
0.102677 -0.359369 0.953429
0.205354 -0.718739 1.90686
0.308031 -1.07811 2.86029
0.205354 -0.718739 1.90686
0.102677 -0.359369 0.953429
0 0 0
0 0 0
0.352035 -0.0146681 0.938761
1.05611 -0.0293363 2.76494
2.09754 -0.0513385 5.39054
2.72827 -0.0733407 6.81335
2.88962 -0.154015 6.9527
2.55226 -0.300697 5.75724
2.09754 -0.491382 4.20975
1.52549 -0.564723 2.56692
0.938761 -0.484048 1.19545
0.410708 -0.256692 0.381371
0.117345 -0.0880088 0.0586725
0 0 0
0 0 0
0 0 0
0 0 0
0 0 0
0 0 0
0 0 0
0 0 0
0 0 0
0 0 0
0 0 0
0 0 0
0 0 0
0 0 0
0 0 0
0 0 0
0 0 0
0 0 0
0 0 0
0 0 0
0 0 0
0 0 0
0 0 0
0 0 0
0 0 0
0 0 0
0 0 0
0 0 0
0 0 0
0 0 0
0 0 0
0 0 0
0 0 0
0 0 0
0 0 0
0 0 0
0 0 0
0.161349 -0.0733407 1.10011
0.513385 -0.176018 3.41034
1.10011 -0.249358 6.96736
1.62816 -0.102677 9.54895
2.0242 0.190686 10.8618
2.18555 0.513385 10.7151
2.21489 0.70407 10.1283
2.14155 0.762743 9.22626
1.95086 0.70407 8.08214
1.56949 0.513385 6.61533
0.982765 0.183352 4.6718
0.337367 -0.23469 2.28823
-0.146681 -0.645398 -0.139347
-0.352035 -0.968097 -2.06821
-0.322699 -1.02677 -2.78695
-0.190686 -0.836084 -2.41291
-0.0733407 -0.601393 -1.77484
-0.0146681 -0.484048 -1.45215
0 -0.506051 -1.54015
0 -0.337367 -1.02677
0 -0.168684 -0.513385
0 0 0
0 0 0
0 0 0
0 0 0
0 0 0
0 0 0
0 0 0
0 0 0
0 0 0
0 0 0
0 0 0
0 0 0
0 0 0
0 0 0
0 0 0
0 0 0
0 0 0
0 0 0
0 0 0
0 0 0
0 0 0
0 0 0
0 0 0
0 0 0
0 0 0
0 0 0
0.161349 -0.344701 1.53282
0.498717 -0.946095 4.80381
1.0121 -1.75284 9.91566
1.3788 -2.05354 13.7807
1.54015 -2.0022 15.8563
1.40814 -1.6575 15.7242
1.04144 -1.34947 14.6755
0.46938 -0.990099 12.8566
-0.102677 -0.601393 10.495
-0.425376 -0.278695 7.89879
-0.425376 -0.0880088 5.41254
-0.249358 -0.0146681 3.315
-0.0880088 0 1.74551
-0.0146681 0 0.733407
0 -0.00733407 0.183352
0 -0.0513385 0.00733407
0 -0.0953429 -0.0146681
0 -0.124679 0.0366703
0 -0.0806747 0.0293363
0 -0.0366703 0.0220022
0 0 0
0 0 0
0 0 0
0 0 0
0 0 0
0 0 0
0 0 0
0 0 0
0 0 0
0 0 0
0 0 0
0 0 0
0 0 0
0 0 0
0 0 0
0 0 0
0 0 0
0 0 0
0 0 0
0 0 0
0 0 0
0 0 0
0 0 0
0 0 0
0 0 0
0 0 0
0 0 0
0 0 0
0 0 0
0 0 0
0 0 0
0 0 0
0 0 0
-0.19536 -0.30932 0.822141
-0.45584 -0.903541 2.75132
-0.683761 -1.77452 5.75499
-0.45584 -2.3199 7.88767
-0.03256 -2.62922 8.15629
0.407 -2.77574 6.25153
0.651201 -3.0932 3.3781
0.879121 -3.50834 0.586081
1.17216 -3.9072 -1.4245
1.4652 -4.1921 -2.50712
1.66056 -4.34676 -2.89784
1.74196 -4.42816 -2.89784
1.74196 -4.50142 -2.70248
1.53032 -4.06186 -2.21408
1.12332 -3.08506 -1.53032
0.553521 -1.55474 -0.724461
0.17908 -0.520961 -0.22792
0 0 0
0 0 0
0 0 0
0 0 0
0 0 0
0 0 0
0 0 0
0 0 0
0 0 0
0 0 0
0 0 0
0 0 0
0 0 0
0 0 0
0 0 0
0 0 0
0 0 0
0 0 0
0 0 0
0 0 0
0 0 0
0 0 0
0 0 0
-0.01628 -0.42328 0.626781
-0.03256 -1.24542 1.85592
-0.04884 -2.06756 3.08506
-0.04884 -2.43386 3.663
-0.14652 -2.39316 3.57346
-0.504681 -2.74318 3.9072
-1.26984 -3.12576 3.96418
-2.34432 -3.51648 3.76068
-3.40252 -3.52462 2.86528
-4.08628 -3.56532 2.0757
-4.20024 -3.68742 1.4652
-3.71184 -3.9479 1.0175
-2.70248 -4.36304 0.724461
-1.41636 -4.85958 0.586081
-0.27676 -5.28287 0.553521
0.35816 -5.51079 0.520961
0.45584 -4.94098 0.407
0.27676 -3.67928 0.2442
0.0976801 -1.82336 0.0976801
0.01628 -0.602361 0.02442
0 0 0
0 0 0
0 0 0
0 0 0
0 0 0
0 0 0
0 0 0
0 0 0
0 0 0
0 0 0
0 0 0
0 0 0
0 0 0
0 0 0
0 0 0
0 0 0
0 0 0
0 0 0
0 0 0
0 0 0
0 0 0
0 0 0
0 0 0
0 0 0
0 0 0
0 0 0
0 0 0
0 0 0
0 0 0
-0.37444 -0.30932 0.45584
-1.20472 -0.944241 1.09076
-2.50712 -1.9536 1.73382
-3.43508 -2.77574 1.52218
-3.59788 -3.4188 1.27798
-2.66992 -3.8258 1.71754
-1.00936 -4.24094 3.5409
0.911681 -4.6398 6.15385
2.47456 -4.98982 8.70981
3.3374 -5.20961 10.525
3.5816 -5.21775 11.2983
3.48392 -5.03053 11.0786
3.22344 -4.77004 10.1262
2.849 -4.5584 8.78307
2.42572 -4.44444 7.39113
2.05128 -4.40374 6.21083
1.628 -3.9072 4.86772
1.1396 -2.9304 3.36182
0.553521 -1.4652 1.61172
0.17908 -0.4884 0.520961
0 0 0
0 0 0
0 0 0
0 0 0
0 0 0
0 0 0
0 0 0
0 0 0
0 0 0
0 0 0
0 0 0
0 0 0
0 0 0
0 0 0
0 0 0
0 0 0
0 0 0
0 0 0
0 0 0
0 0 0
0 0 0
0 0 0
0 0 0
0 0 0
0 0 0
0 0 0
0 0 0
0 0 0
0 0 0
0 0 0
0 0 0
0 0 0
-0.569801 -0.618641 -0.0569801
-2.00244 -1.80708 -0.02442
-4.54212 -3.5409 0.31746
-7.19577 -4.5584 1.25356
-9.36101 -4.93284 2.5234
-10.3378 -4.69678 3.59788
-10.0936 -4.50142 3.95604
-8.67725 -4.34676 3.60602
-6.57713 -4.2735 2.94668
-4.46072 -4.33862 2.42572
-2.80016 -4.55026 2.2385
-1.67684 -4.82702 2.2792
-0.944241 -5.03053 2.33618
-0.47212 -5.06309 2.30362
-0.19536 -4.4363 1.97802
-0.0814001 -3.24786 1.44078
-0.03256 -1.59544 0.708181
-0.01628 -0.520961 0.23606
0 0 0
0 0 0
0 0 0
0 0 0
0 0 0
0 0 0
0 0 0
0 0 0
0 0 0
0 0 0
0 0 0
0 0 0
0 0 0
0 0 0
0 0 0
0 0 0
0 0 0
0 0 0
0 0 0
0 0 0
0 0 0
0 0 0
0 0 0
0 0 0
0 0 0
0 0 0
0 0 0
0 0 0
0 0 0
0 0 0
0 0 0
0 0 0
0 0 0
0 0 0
-0.13024 -0.407 1.221
-0.30932 -1.14774 4.1107
-0.42328 -2.14896 8.89703
-0.0814001 -2.54782 13.195
0.651201 -2.47456 16.1091
1.56288 -2.0757 17.1429
2.24664 -1.86406 17.2243
2.62108 -1.8315 16.4265
2.83272 -1.96174 14.5625
3.04436 -2.24664 11.5914
3.19088 -2.63736 7.96093
3.04436 -3.02808 4.46072
2.5234 -3.31298 1.74196
1.82336 -3.4595 0.00814001
1.20472 -3.51648 -0.903541
0.797721 -3.56532 -1.27798
0.586081 -3.67114 -1.39194
0.504681 -3.85836 -1.47334
0.43956 -3.58974 -1.40008
0.3256 -2.80016 -1.14774
0.1628 -1.43264 -0.610501
0.04884 -0.4884 -0.21978
0 0 0
0 0 0
0 0 0
0 0 0
0 0 0
0 0 0
0 0 0
0 0 0
0 0 0
0 0 0
0 0 0
0 0 0
0 0 0
0 0 0
0 0 0
0 0 0
0 0 0
0 0 0
0 0 0
0 0 0
0 0 0
0 0 0
0 0 0
0 0 0
0 0 0
0 0 0
0 0 0
-0.21164 -0.39072 0.577941
-0.700041 -1.17216 1.83964
-1.5466 -2.33618 3.92348
-2.34432 -3.07692 5.81197
-2.89784 -3.36182 7.39927
-2.96296 -3.18274 8.46561
-2.6862 -2.9711 9.31217
-2.26292 -2.79202 9.76801
-1.92104 -2.6862 9.72731
-1.56288 -2.35246 8.40049
-1.12332 -1.75824 6.02361
-0.569801 -1.17216 3.41066
-0.21164 -1.17216 2.35246
-0.04884 -1.75824 2.73504
-0.03256 -2.34432 3.39438
-0.01628 -2.63736 3.50834
-0.01628 -2.63736 3.15832
-0.0651201 -2.6455 2.90598
-0.11396 -2.6862 2.71062
-0.04884 -2.79202 2.5234
0.0814001 -2.58852 2.10826
0.21164 -2.02686 1.48962
0.1628 -1.04192 0.716321
0.0814001 -0.35816 0.22792
0 0 0
0 0 0
0 0 0
0 0 0
0 0 0
0 0 0
0 0 0
0 0 0
0 0 0
0 0 0
0 0 0
0 0 0
0 0 0
0 0 0
0 0 0
0 0 0
0 0 0
0 0 0
0 0 0
0 0 0
0 0 0
0 0 0
0 0 0
0 0 0
0 0 0
0 0 0
0 0 0
0 0 0
0 0 0
0 0 0
0 0 0
0 0 0
-0.19536 -0.39072 0.651201
-0.537241 -1.17216 2.1978
-0.976801 -2.34432 4.8433
-1.04192 -3.12576 7.27717
-0.765161 -3.51648 8.68539
-0.2442 -3.51648 8.15629
0.11396 -3.5002 5.99105
0.17908 -3.42694 3.0525
-0.01628 -3.26414 0.740741
-0.29304 -3.06878 -0.03256
-0.520961 -3.0118 0.569801
-0.748881 -3.256 1.70126
-1.09076 -3.79324 2.62922
-1.53032 -4.42002 3.11762
-1.88848 -4.90842 3.28042
-2.00244 -5.16891 3.28042
-1.8722 -5.25845 3.2153
-1.628 -5.27473 3.12576
-1.26984 -4.68864 2.71062
-0.862841 -3.51648 1.9943
-0.407 -1.75824 0.984941
-0.13024 -0.586081 0.3256
0 0 0
0 0 0
-0.37444 -0.586081 0.35816
-0.748881 -1.17216 0.716321
-1.12332 -1.75824 1.07448
-0.748881 -1.17216 0.716321
-0.37444 -0.586081 0.35816
0 0 0
0 0 0
0 0 0
0 0 0
0 0 0
0 0 0
0 0 0
0 0 0
0 0 0
0 0 0
0 0 0
0 0 0
0 0 0
0 0 0
0 0 0
0 0 0
0 0 0
0 0 0
0 0 0
0 0 0
0 0 0
0 0 0
0 0 0
0 0 0
0.42328 -0.2442 1.53032
1.221 -0.659341 4.48514
2.37688 -1.21286 8.67725
3.06064 -1.40822 10.7937
3.35368 -1.37566 10.7774
3.1746 -1.1396 8.76679
2.73504 -0.919821 6.62597
1.85592 -0.651201 4.67236
0.846561 -0.37444 2.99552
0.0814001 -0.1628 1.68498
-0.37444 -0.1221 0.708181
-0.586081 -0.15466 0.21164
-0.732601 -0.21978 0.02442
-0.4884 -0.14652 0.01628
-0.2442 -0.0732601 0.00814001
0 0 0
0 0 0
0 0 0
0 0 0
0 0 0
0 0 0
0 0 0
0 0 0
0 0 0
0 0 0
0 0 0
0 0 0
0 0 0
0 0 0
0 0 0
0 0 0
0 0 0
0 0 0
0 0 0
0 0 0
0 0 0
0 0 0
0 0 0
0 0 0
0 0 0
0 0 0
0 0 0
0 0 0
0 0 0
0 0 0
0 0 0
0 0 0
0 0 0
0 0 0
0.29304 -0.2849 1.67684
0.927961 -0.805861 5.09565
1.93732 -1.53032 10.2727
2.75132 -1.88034 13.8462
3.27228 -1.9536 15.6451
3.45136 -1.81522 15.523
3.56532 -1.76638 14.9532
3.61416 -1.74196 13.7729
3.46764 -1.66056 11.8926
2.9304 -1.44892 9.46683
1.93732 -1.0989 6.87017
0.683761 -0.724461 4.48514
-0.45584 -0.512821 2.50712
-1.18844 -0.586081 0.944241
-1.49776 -0.895401 -0.2442
-1.56288 -1.26984 -1.0989
-1.53032 -1.55474 -1.67684
-1.31868 -1.5059 -1.78266
-0.927961 -1.16402 -1.47334
-0.43956 -0.586081 -0.773301
-0.13024 -0.19536 -0.26862
0 0 0
0 0 0
0 0 0
0 0 0
0 0 0
0 0 0
0 0 0
0 0 0
-0.14652 -0.48026 -0.13024
-0.43956 -1.44892 -0.38258
-0.732601 -2.41758 -0.634921
-0.732601 -2.42572 -0.626781
-0.43956 -1.45706 -0.37444
-0.14652 -0.4884 -0.1221
0 0 0
0 0 0
0 0 0
0 0 0
0 0 0
0 0 0
0 0 0
0 0 0
0 0 0
0 0 0
0 0 0
0 0 0
0 0 0
0 0 0
0 -0.39072 1.3431
-0.01628 -1.10704 4.02116
-0.0814001 -2.09198 7.92837
-0.21164 -2.5234 10.2157
-0.35816 -2.49898 10.7123
-0.407 -2.10012 9.43427
-0.26048 -1.76638 7.86325
0.0651201 -1.45706 6.20269
0.39072 -1.13146 4.61538
0.45584 -0.773301 3.23972
0.11396 -0.41514 2.18152
-0.520961 -0.13024 1.48148
-1.15588 0.02442 1.0989
-1.56288 0.0651201 0.936101
-1.53032 0.04884 0.789581
-1.17216 0.03256 0.586081
-0.586081 0.01628 0.29304
-0.19536 0.00814001 0.0976801
0 0 0
0 0 0
0 0 0
0 0 0
0 0 0
0 0 0
0 0 0
0 0 0
0 0 0
0 0 0
0 0 0
0 0 0
0 0 0
0 0 0
0 0 0
0 0 0
0 0 0
0 0 0
0 0 0
0 0 0
0 0 0
-0.278474 -0.233918 0.685046
-0.757449 -0.607073 2.16653
-1.41465 -1.04706 4.44444
-1.70426 -1.03035 6.0763
-1.78223 -0.712893 6.76692
-1.67084 -0.228349 6.47173
-1.60401 0.0724032 5.97048
-1.49262 0.206071 5.42467
-1.39237 0.206071 4.78975
-1.4592 0.100251 3.94876
-1.84907 -0.133668 2.87942
-2.58424 -0.562517 1.69312
-3.53105 -1.23085 0.568087
-4.50014 -2.08855 -0.334169
-5.36898 -2.99081 -0.941242
-6.07073 -3.77054 -1.30883
-6.51629 -4.32192 -1.57059
-6.6054 -4.63381 -1.82679
-6.31579 -4.76747 -2.07742
-5.75884 -4.80646 -2.26121
-5.1462 -4.81203 -2.32247
-4.6895 -4.80089 -2.23336
-4.489 -4.75077 -1.9883
-4.46672 -4.64495 -1.60401
-4.43331 -4.53356 -1.09719
-4.2328 -4.55026 -0.439989
-3.8318 -4.81203 0.412141
-3.06321 -4.58368 1.03592
-2.07185 -3.68143 1.21972
-0.969089 -1.92147 0.74631
-0.300752 -0.668338 0.295182
0 0 0
0 0 0
0 0 0
0 0 0
0 0 0
0 0 0
0 0 0
0 0 0
0 0 0
0 0 0
0 0 0
0 0 0
-0.167084 -0.456697 0.813144
-0.568087 -1.42579 2.35589
-1.2587 -2.95182 4.52799
-1.96046 -4.1604 5.61404
-2.60652 -4.97354 5.70872
-3.14119 -5.32999 4.94013
-3.6313 -5.6196 4.21053
-3.96547 -5.81454 3.47536
-4.0323 -5.84795 2.67335
-3.82066 -5.65302 1.81008
-3.4308 -5.20746 0.974659
-2.94069 -4.56697 0.284043
-2.26121 -3.57004 -0.122529
-1.4592 -2.37817 -0.250627
-0.657199 -1.10276 -0.161515
-0.189362 -0.339738 -0.0612643
0.0222779 -0.306321 0.584795
0.0445558 -0.612643 1.16959
0.0668338 -0.918964 1.75439
0.0445558 -0.612643 1.16959
0.0222779 -0.306321 0.584795
0 0 0
0 0 0
0 0 0
0 0 0
0 0 0
0 0 0
0 0 0
0 0 0
0 0 0
0 0 0
0 0 0
0 0 0
0 0 0
0 0 0
0 0 0
0 0 0
0 0 0
0 0 0
0 0 0
0 0 0
0 0 0
0 0 0
0 0 0
0 0 0
0 0 0
-0.267335 -0.53467 0.763019
-0.757449 -1.643 2.3726
-1.33668 -3.26928 4.99025
-1.29212 -4.23837 7.2626
-0.556948 -4.38318 9.13395
0.690615 -3.76497 10.3147
1.82679 -3.1022 11.2002
2.53968 -2.58981 11.5789
2.76246 -2.25564 11.423
2.68449 -2.044 10.8048
2.53968 -1.91033 9.84684
2.40602 -1.83793 8.71067
2.21665 -1.80451 7.55778
1.94932 -1.77666 6.49958
1.70426 -1.73211 5.59733
1.40351 -1.49819 4.44444
1.03592 -1.09719 3.07435
0.523531 -0.540239 1.47034
0.178223 -0.178223 0.473406
0 0 0
0 0 0
0 0 0
0 0 0
0 0 0
0 0 0
0 0 0
0 0 0
0 0 0
0 0 0
0 0 0
0.0222779 0.183793 0.350877
0.0445558 0.367586 0.701754
0.0668338 0.551378 1.05263
0.0445558 0.367586 0.701754
0.0222779 0.183793 0.350877
0 0 0
0 0 0
0 0 0
-0.155945 0.278474 0.417711
-0.556948 0.818713 1.22529
-1.28098 1.5873 2.36146
-1.69312 1.79894 2.66221
-1.61515 1.48705 2.18324
-0.891117 0.718463 1.04706
-0.32303 0.228349 0.328599
0 0 0
-0.868839 -0.21164 -0.144806
-2.60652 -0.701754 -0.295182
-5.22417 -1.55945 -0.21164
-7.0064 -2.42272 0.618212
-7.96436 -3.15789 2.01058
-8.05347 -3.54219 3.44751
-8.03119 -3.61459 4.24951
-7.77499 -3.39181 4.2885
-7.22918 -2.99081 3.82623
-6.44946 -2.49513 3.21916
-5.56948 -1.92147 2.67335
-4.72292 -1.28655 2.21108
-3.97661 -0.662768 1.77666
-3.33055 -0.150376 1.33111
-2.7736 0.200501 0.885547
-2.32804 0.406572 0.495684
-2.02729 0.523531 0.21721
-1.87135 0.607073 0.0612643
-1.81565 0.701754 -0.0167084
-1.60401 0.701754 -0.0501253
-1.20301 0.584795 -0.0612643
-0.601504 0.311891 -0.0389864
-0.200501 0.11139 -0.0167084
0 0 0
0 0 0
0 0 0
0 0 0
0 0 0
0 0 0
0 0 0
0 0 0
0 0 0
-0.11139 0.161515 0.517962
-0.300752 0.462267 1.64857
-0.490114 0.763019 2.77917
-0.456697 0.740741 2.87385
-0.267335 0.439989 1.74325
-0.0779727 0.139237 0.612643
-0.144806 0.178223 0.662768
-0.456697 0.545809 1.96603
-0.768588 0.913395 3.26928
-0.790866 0.924534 3.24701
-0.478975 0.556948 1.94375
-0.167084 0.189362 0.64049
0 0 0
0 0 0
0 0 0
0 0 0
-0.233918 -0.178223 0.467836
-0.501253 -0.551378 1.90476
-0.623782 -1.11947 4.76747
-0.011139 -1.50933 8.39321
0.991367 -1.66527 11.8853
2.03843 -1.57059 14.3414
2.65107 -1.43136 15.6168
2.89613 -1.30883 15.8229
2.86271 -1.23085 15.0766
2.56196 -1.17516 13.3668
1.96046 -1.09719 10.7491
1.09162 -0.980228 7.58006
0.11139 -0.863269 4.48343
-0.757449 -0.813144 2.044
-1.35895 -0.863269 0.517962
-1.6597 -0.980228 -0.194932
-1.7154 -1.10276 -0.334169
-1.59287 -1.20301 -0.0779727
-1.34781 -1.29769 0.473406
-0.991367 -1.22529 0.902256
-0.612643 -0.969089 1.00251
-0.267335 -0.501253 0.601504
-0.0779727 -0.172654 0.233918
0 0 0
0 0 0
0 0 0
0 0 0
0 0 0
0 0 0
0 0 0
0 0 0
0 0 0
0 0 0
0 0 0
0 0 0
0 0 0
0 0 0
0 0 0
0 0 0
0 0 0
0 0 0
0 0 0
0 0 0
0 0 0
0 0 0
0.100251 -0.0668338 0.701754
0.311891 -0.200501 2.1721
0.623782 -0.401003 4.51128
0.824283 -0.53467 6.41604
0.913395 -0.607073 7.81955
0.969089 -0.634921 8.53801
1.15845 -0.707324 9.03926
1.43693 -0.829852 9.19521
1.63743 -0.969089 9.01699
1.50376 -0.952381 7.76942
1.28098 -0.868839 6.51072
1.19187 -0.763019 5.36898
1.61515 -0.952381 6.11529
2.09412 -1.24199 6.93957
2.36146 -1.57616 7.75272
2.16096 -1.72654 7.59677
1.75996 -1.72654 7.29045
1.37009 -1.55945 6.82818
1.01365 -1.20858 5.69758
0.690615 -0.774158 4.0323
0.334169 -0.345308 1.94375
0.178223 -0.128098 1.09719
0.133668 -0.0556948 0.946811
0.200501 -0.0835422 1.42022
0.133668 -0.0556948 0.946811
0.0668338 -0.0278474 0.473406
0 0 0
0 0 0
0 0 0
0 0 0
0 0 0
0 0 0
0 0 0
0 0 0
0 0 0
0 0 0
0 0 0
0 0 0
0 0 0
0 0 0
0.0668338 0.116959 0.924534
0.133668 0.233918 1.84907
0.200501 0.350877 2.7736
0.200501 0.267335 2.62322
0.200501 0.183793 2.47285
0.200501 0.100251 2.32247
0.133668 0.0668338 1.54832
0.133668 0.161515 1.3144
0.200501 0.367586 1.74882
0.401003 0.685046 3.82066
0.53467 0.774158 5.84238
0.590365 0.612643 7.58006
0.523531 0.222779 8.47118
0.334169 -0.189362 8.43776
0 -0.545809 7.335
-0.378725 -0.818713 5.63631
-0.612643 -1.04706 4.13255
-0.556948 -1.28098 3.3751
-0.200501 -1.53161 3.35283
0.334169 -1.77109 3.65358
0.8577 -1.96046 3.84851
1.15845 -2.06628 3.71484
1.09162 -2.07185 3.21359
0.657199 -2.01615 2.41158
-0.0445558 -2.01058 1.46477
-0.579226 -1.83236 0.64606
-0.779727 -1.4592 0.133668
-0.490114 -0.763019 -0.0278474
-0.200501 -0.272904 -0.0334169
-0.902256 -0.42328 -0.378725
-2.74018 -1.2587 -1.23085
-5.46923 -2.51184 -2.61209
-7.15121 -3.34169 -3.77611
-7.54107 -3.76497 -4.50014
-6.6054 -3.7594 -4.59482
-5.46923 -3.73712 -4.29407
-4.489 -3.7037 -3.62573
-3.79838 -3.68143 -2.7012
-3.04094 -3.26928 -1.70426
-2.10526 -2.45057 -0.868839
-1.00251 -1.22529 -0.31746
-0.311891 -0.406572 -0.0724032
0 0 0
0 0 0
0 0 0
0 0 0
0 0 0
0 0 0
-0.0556948 -0.345308 1.33668
-0.11139 -0.690615 2.67335
-0.167084 -1.03592 4.01003
-0.11139 -0.690615 2.67335
-0.0556948 -0.345308 1.33668
0 0 0
0 0 0
0 0 0
0.490114 -0.122529 1.47034
1.48148 -0.384294 4.27179
2.92955 -0.768588 8.18713
3.76497 -1.01365 10.0418
3.84294 -1.07491 9.92481
3.14119 -0.974659 8.14815
2.28349 -0.863269 6.58312
1.43693 -0.701754 4.96798
0.779727 -0.495684 3.33055
0.311891 -0.239488 1.57059
0.289613 -0.233918 0.913395
0.590365 -0.484545 1.24756
1.14731 -0.985798 2.52854
1.44806 -1.32554 3.44751
1.49262 -1.43693 3.98775
1.3144 -1.29212 4.10471
1.16959 -1.07491 4.18268
1.1139 -0.863269 4.24394
1.00251 -0.64606 3.81509
0.790866 -0.434419 2.9017
0.412141 -0.206071 1.46477
0.144806 -0.0668338 0.495684
0 0 0
0 0 0
0 0 0
0 0 0
0 0 0
0 0 0
0 0 0
0 0 0
0 0 0
0 0 0
0 0 0
0 0 0
0 0 0
0 0 0
0 0 0
0 0 0
0 0 0
0 0 0
0 0 0
0 0 0
0 0 0
0 0 0
0 0 0
0.245057 0.116959 1.40351
0.779727 0.389864 4.30521
1.63743 0.863269 8.73851
2.33918 1.34224 11.8908
2.79588 1.77109 13.5283
2.92955 2.06628 13.4948
2.92955 2.27235 13.0771
2.79588 2.40045 12.2918
2.52854 2.5174 11.1278
2.14982 2.68449 9.5795
1.72654 2.88499 7.71373
1.37009 3.00752 5.73656
1.15845 2.92398 3.93205
1.02478 2.60652 2.47285
0.768588 2.1164 1.31997
0.200501 1.48705 0.334169
-0.701754 0.657199 -0.523531
-1.79337 -0.417711 -1.16959
-2.86271 -1.61515 -1.55388
-3.70927 -2.69006 -1.76552
-4.21053 -3.45308 -1.96046
-4.37761 -3.8875 -2.21665
-4.33305 -4.09357 -2.5007
-4.21053 -4.17711 -2.72904
-3.65358 -3.73712 -2.53968
-2.68449 -2.80702 -1.93818
-1.32554 -1.40351 -0.974659
-0.434419 -0.467836 -0.32303
0 0 0
0 0 0
0 0 0
0 0 0
-0.267335 -0.116959 0.818713
-0.53467 -0.233918 1.63743
-0.802005 -0.350877 2.45614
-0.53467 -0.233918 1.63743
-0.267335 -0.116959 0.818713
0 0 0
0 0 0
0 0 0
0 0 0
0 0 0
0.0891117 0.150376 1.23085
0.289613 0.42328 3.80395
0.657199 0.757449 7.76942
1.08048 0.774158 10.6656
1.55945 0.467836 12.225
1.99387 -0.0612643 12.2584
2.3169 -0.495684 11.8741
2.40602 -0.724032 11.1445
2.22779 -0.757449 10.1866
1.83793 -0.696185 9.16179
1.37009 -0.64049 8.23169
0.969089 -0.634921 7.50766
0.724032 -0.673907 7.02868
0.623782 -0.724032 6.76135
0.601504 -0.74631 6.62211
0.53467 -0.657199 5.82568
0.401003 -0.473406 4.33305
0.200501 -0.228349 2.15539
0.0668338 -0.0724032 0.712893
0 0 0
0 0 0
0 0 0
0 0 0
0 0 0
0 0 0
0 0 0
0 0 0
0 0 0
0 0 0
0 0 0
0 0 0
0 0 0
0 0 0
0 0 0
0 0 0
0 0 0
0 0 0
0 0 0
0 0 0
0 0 0
0 0 0
0 0 0
0 0 0
0 0 0
0 0 0
0 0 0
0 0 0
0 0 0
0 0 0
0 0 0
0 0 0
0 0 0
0 0 0
0 0 0
0 0 0
0 0 0
0 0 0
0 0 0
0 0 0
0 0 0
0 0 0
0 0 0
0 0 0
0 0 0
0 0 0
0 0 0
0 0 0
0 0 0
0 0 0
0 0 0
0 0 0
0 0 0
0 0 0
0 0 0
0 0 0
0 0 0
0 0 0
0 0 0
0 0 0
0 0 0
0 0 0
0 0 0
0 0 0
0 0 0
0 0 0
0 0 0
0 0 0
0 0 0
0 0 0
0 0 0
0 0 0
0 0 0
0 0 0
0 0 0
0 0 0
0 0 0
0 0 0
0 0 0
0 0 0
0 0 0
-0.40404 -0.242424 0.430976
-0.996633 -0.626263 1.58923
-1.58923 -1.07071 3.62963
-1.23906 -1.04377 5.7037
-0.296296 -0.740741 7.13805
0.888889 -0.350168 7.49495
1.6431 -0.255892 7.05051
2.0202 -0.424242 6.14815
2.15488 -0.774411 5.11111
2.18182 -1.21886 4.15488
2.18182 -1.69024 3.40067
2.18182 -2.13468 2.88215
2.18182 -2.50505 2.56566
2.16835 -2.78114 2.38384
2.11448 -2.98316 2.27609
1.99327 -3.13805 2.21549
1.81818 -3.23232 2.18855
1.65657 -3.23906 2.18182
1.58923 -3.18519 2.18182
1.42761 -2.78114 1.93939
1.11785 -2.07407 1.45455
0.579125 -1.03704 0.727273
0.20202 -0.350168 0.242424
0 0 0
0 0 0
0 0 0
0 0 0
0 0 0
0 0 0
0 0 0
0 0 0
0 0 0
0 0 0
0 0 0
0 0 0
0 0 0
0 0 0
0 0 0
0 0 0
0.13468 -0.289562 0.666667
0.363636 -0.929293 2.02694
0.673401 -1.99327 4.08081
0.740741 -2.94949 5.46801
0.484848 -3.69024 6.08754
-0.282828 -4.06734 5.88552
-1.48148 -4.27609 5.52862
-2.88215 -4.35017 5.09091
-4.06734 -4.36364 4.63973
-4.76768 -4.36364 4.20875
-5.03704 -4.36364 3.79125
-5.09091 -4.36364 3.36027
-5.05051 -4.36364 2.90236
-4.83502 -4.3569 2.43098
-4.24242 -4.32323 1.99327
-3.17845 -4.22222 1.67003
-1.89899 -3.64983 1.33333
-0.808081 -2.64646 0.969697
-0.215488 -1.29293 0.484848
-0.013468 -0.417508 0.16835
0 0 0
0 0 0
0 0 0
0 0 0
0 0 0
0 0 0
0 0 0
0 0 0
0 0 0
0 0 0
0 0 0
0 0 0
0 0 0
0 0 0
0 0 0
0 0 0
0 0 0
0 0 0
0 0 0
0 0 0
0 0 0
0 0 0
0 0 0
0.0538721 -0.23569 0.619529
0.0808081 -0.707071 1.81145
0.107744 -1.17845 3.00337
0.026936 -1.17845 2.95623
-0.242424 -1.05724 2.12121
-0.740741 -1.38721 1.73064
-1.37374 -2.43771 2.65993
-1.6431 -3.43434 4.44444
-1.41414 -3.81818 6.49832
-0.659933 -3.43434 8.26936
0.242424 -2.76768 9.37374
1.05051 -2.19529 9.42761
1.58923 -1.96633 8.6532
1.81818 -2.06734 7.56229
1.80471 -2.32997 6.54545
1.65657 -2.59259 5.72391
1.52189 -2.77441 5.05051
1.53535 -2.86869 4.45791
1.69697 -2.90236 3.91246
1.85859 -2.90236 3.40741
1.71044 -2.57239 2.70707
1.25253 -1.91919 1.85185
0.606061 -0.956229 0.875421
0.188552 -0.316498 0.276094
0 0 0
0 0 0
0 0 0
0 0 0
0 0 0
0 0 0
0 0 0
0 0 0
0 0 0
0 0 0
0 0 0
0 0 0
0 0 0
0 0 0
0 0 0
0 0 0
0 0 0
0 0 0
0 0 0
0 0 0
0 0 0
0 0 0
-0.740741 -0.484848 -0.208754
-2.22222 -1.42761 -0.518519
-4.43098 -2.74747 -0.760943
-5.91246 -3.367 -0.343434
-6.73401 -3.25253 0.646465
-6.94949 -2.52525 1.91919
-7.16498 -1.87879 2.87542
-7.07071 -1.46801 3.29293
-6.38384 -1.3064 3.19865
-5.11785 -1.3064 2.82828
-3.56902 -1.37374 2.43771
-2.10101 -1.46128 2.14141
-0.915825 -1.57576 1.91246
-0.026936 -1.73064 1.69024
0.632997 -1.91246 1.46128
1.11785 -2.08754 1.25926
1.41414 -2.22896 1.13805
1.37374 -2.06061 0.976431
1.03704 -1.58249 0.747475
0.511785 -0.801347 0.383838
0.161616 -0.26936 0.13468
0.0942761 -0.222222 0.16835
0.188552 -0.444444 0.3367
0.282828 -0.666667 0.505051
0.188552 -0.444444 0.3367
0.0942761 -0.222222 0.16835
0 0 0
0 0 0
0 0 0
0 0 0
0 0 0
0 0 0
0 0 0
0 0 0
0 0 0
0 0 0
0 0 0
0 0 0
0 0 0
0 0 0
0 0 0
0 0 0
0 0 0
0 0 0
0.013468 -0.16835 0.558923
4.62593e-18 -0.531987 1.61616
-0.013468 -0.895623 2.6734
-0.0538721 -0.922559 2.61279
-0.040404 -0.558923 1.55556
-0.026936 -0.195286 0.498316
0 0 0
-0.0673401 -0.457912 0.713805
-0.0538721 -1.3468 2.57239
0.188552 -2.63973 5.96633
0.902357 -3.39394 9.69024
1.84512 -3.63636 12.9293
2.73401 -3.40067 14.835
3.25926 -3.19192 15.5354
3.38047 -3.03704 15.138
3.09764 -2.94949 13.8384
2.45118 -2.91582 11.7643
1.57576 -2.91582 9.10438
0.686869 -2.94949 6.26936
-0.013468 -3.03704 3.80471
-0.430976 -3.18519 2.10101
-0.565657 -3.36027 1.19192
-0.457912 -3.50842 0.835017
-0.175084 -3.59596 0.740741
0.175084 -3.62963 0.734007
0.47138 -3.63636 0.767677
0.646465 -3.62963 0.855219
0.713805 -3.59596 1.0101
0.713805 -3.50842 1.21886
0.646465 -3.35354 1.45455
0.498316 -2.84848 1.45455
0.296296 -2.04714 1.18519
0.121212 -0.996633 0.619529
0.026936 -0.323232 0.215488
0 0 0
0 0 0
0 0 0
0 0 0
0 0 0
0 0 0
0 0 0
0 0 0
0 0 0
0 0 0
0 0 0
0 0 0
0 0 0
0 0 0
0 0 0
0 0 0
0.0942761 -0.40404 0.707071
0.323232 -1.21212 2.24242
0.740741 -2.42424 4.7138
1.19865 -3.22559 6.76768
1.61616 -3.59596 8.14815
1.84512 -3.50842 8.56566
1.84512 -3.36027 8.50505
1.62963 -3.18519 8
1.22559 -2.7138 6.61279
0.781145 -1.9798 4.60606
0.47138 -1.3064 2.58586
0.444444 -1.33333 1.82492
0.619529 -2.06061 2.19529
0.700337 -2.82155 2.77441
0.619529 -3.23232 2.92256
0.430976 -3.22559 2.6734
0.296296 -3.10438 2.46465
0.175084 -2.90909 2.30976
0.0673401 -2.43771 1.9798
-0.026936 -1.74411 1.46128
-0.040404 -0.848485 0.727273
-0.026936 -0.276094 0.242424
0 0 0
0 0 0
0 0 0
0 0 0
0 0 0
0 0 0
0 0 0
0 0 0
0 0 0
0 0 0
0 0 0
0 0 0
0 0 0
0 0 0
0 0 0
0 0 0
0 0 0
0 0 0
0 0 0
0 0 0
0 0 0
0 0 0
0 0 0
0 0 0
0 0 0
0 0 0
0 0 0
0.026936 -0.242424 0.424242
0.13468 -0.727273 1.46801
0.377104 -1.45455 3.40741
0.727273 -1.93939 5.54882
1.0101 -2.18855 7.3468
0.969697 -2.24242 7.85859
0.484848 -2.42424 6.86869
-0.215488 -2.80808 4.82155
-0.673401 -3.367 2.91582
-0.606061 -3.94613 2.10774
-0.148148 -4.36364 2.39731
0.323232 -4.53872 3.05724
0.538721 -4.53199 3.40067
0.457912 -4.45791 3.25253
0.175084 -4.39731 2.84848
-0.175084 -4.36364 2.47811
-0.47138 -4.32323 2.26936
-0.646465 -4.23569 2.19529
-0.632997 -3.67677 1.93939
-0.484848 -2.68687 1.45455
-0.242424 -1.31987 0.727273
-0.0808081 -0.430976 0.242424
0 0 0
0 0 0
0 0 0
0 0 0
0 0 0
0 0 0
0 0 0
0.0538721 -0.316498 0.599327
0.107744 -0.632997 1.19865
0.161616 -0.949495 1.79798
0.107744 -0.632997 1.19865
0.0538721 -0.316498 0.599327
0 0 0
0 0 0
0 0 0
0 0 0
0 0 0
0 0 0
0 0 0
0 0 0
0 0 0
0 0 0
0 0 0
0 0 0
0 0 0
0 0 0
0 0 0
0 0 0
0 0 0
0.242424 0.026936 1.15152
0.727273 0.0606061 3.367
1.45455 0.0875421 6.51852
1.93939 0.026936 8.14141
2.15488 -0.127946 8.22896
2.0202 -0.417508 6.86869
1.67003 -0.848485 5.42088
1.07744 -1.42761 4.10101
0.457912 -1.71717 2.86869
0.026936 -1.56902 1.79125
-0.0808081 -0.868687 0.808081
-0.0538721 -0.316498 0.249158
0 0 0
0 0 0
0 0 0
0 0 0
0 0 0
0 0 0
0 0 0
0 0 0
0 0 0
0 0 0
0 0 0
0 0 0
0 0 0
0 0 0
0 0 0
0 0 0
0 0 0
0 0 0
0 0 0
0 0 0
0 0 0
0 0 0
0 0 0
0 0 0
0 0 0
0 0 0
0 0 0
0 0 0
0 0 0
0 0 0
0 0 0
0 0 0
0 0 0
0 0 0
0 0 0
0 0 0
0.3367 -0.296296 1.45455
1.06397 -0.868687 4.55892
2.19529 -1.71717 9.42088
3.05724 -2.25589 13.1582
3.54209 -2.50505 15.3199
3.60943 -2.42424 15.5488
3.55556 -2.26936 15.0572
3.38047 -2.05387 13.9461
3.08418 -1.85185 12.3636
2.73401 -1.71717 10.4646
2.42424 -1.64983 8.41077
2.18182 -1.62963 6.40404
1.93939 -1.63636 4.65993
1.62963 -1.63636 3.29966
1.27946 -1.60943 2.28956
0.902357 -1.39394 1.48148
0.565657 -1.02357 0.828283
0.255892 -0.505051 0.3367
0.0808081 -0.16835 0.0875421
0 0 0
0 0 0
0 0 0
0 0 0
0 0 0
0 0 0
0 0 0
0 0 0
0 0 0
0 0 0
0 0 0
0 0 0
0 0 0
0 0 0
0 0 0
0 0 0
0 0 0
0 0 0
0 0 0
0 0 0
0 0 0
0 0 0
0 0 0
0 0 0
0 0 0
0 0 0
0 0 0
0 0 0
0 0 0
0 0 0
0 0 0
0 0 0
0.242424 -0.188552 1.11111
0.781145 -0.592593 3.45455
1.67003 -1.23232 7.04377
2.43771 -1.73064 9.56902
2.92256 -2.01347 10.6128
2.94949 -2.01347 9.91246
2.70707 -1.89899 8.50505
2.3569 -1.73064 6.64646
2.06061 -1.58923 4.66667
1.83165 -1.53535 2.88889
1.57576 -1.58923 1.53535
1.26599 -1.73064 0.673401
0.983165 -1.90572 0.228956
0.727273 -1.81145 0.0538721
0.498316 -1.41414 0.00673401
0.242424 -0.720539 0
0.0808081 -0.242424 0
0 0 0
-0.0808081 -0.249158 0.0808081
-0.242424 -0.767677 0.242424
-0.40404 -1.2862 0.40404
-0.40404 -1.3064 0.40404
-0.242424 -0.787879 0.242424
-0.0808081 -0.26936 0.0808081
0 0 0
0 0 0
0 0 0
0 0 0
0 0 0
0 0 0
0 0 0
0 0 0
0 0 0
0 0 0
0.16016 -0.0800801 0.24024
0.48048 -0.24024 0.720721
0.960961 -0.48048 1.44144
1.12112 -0.560561 1.68168
0.960961 -0.48048 1.44144
0.48048 -0.24024 0.720721
0.16016 -0.0800801 0.24024
0 0 0
0 0 0
0 0 0
0 0 0
0 0 0
0 0 0
0 0 0
0 0 0
0 0 0
0 0 0
0 0 0
0 0 0
0 0 0
0 0 0
0 0 0
-0.36036 -0.567234 0.520521
-0.987654 -1.52819 1.83517
-1.77511 -2.7294 4.17084
-1.90858 -2.92292 6.57324
-1.52152 -2.39573 8.44845
-0.814147 -1.44811 9.2359
-0.32032 -0.894228 9.16917
0 -0.700701 8.50851
0.32032 -0.740741 7.58091
0.787454 -0.874208 6.59326
1.36136 -1.001 5.6323
1.8285 -1.06106 4.76476
2.002 -1.01435 4.05739
1.88188 -0.867534 3.54354
1.61495 -0.694027 3.20988
1.33467 -0.593927 3.01635
1.08108 -0.620621 2.92292
0.840841 -0.760761 2.88956
0.600601 -0.960961 2.88288
0.373707 -1.001 2.56256
0.186854 -0.834168 1.92192
0.0667334 -0.44044 0.960961
0.0133467 -0.153487 0.32032
0 0 0
0 0 0
0 0 0
0 0 0
0 0 0
0 0 0
0 0 0
0 0 0
0 0 0
0 0 0
0 0 0
0 0 0
0 0 0
0 0 0
0 0 0
0 0 0
0 0 0
0 0 0
0 0 0
0 0 0
0 0 0
0 0 0
0 0 0
-0.253587 -0.313647 0.507174
-0.867534 -1.00767 1.56156
-1.90858 -2.14882 3.14982
-2.93627 -3.16984 4.24424
-3.81715 -3.97731 4.77144
-4.47114 -4.45112 4.74474
-5.00501 -4.77811 4.62462
-5.29863 -4.92492 4.31765
-5.25859 -4.91158 3.71705
-4.95162 -4.8048 2.86954
-4.55122 -4.67801 1.96864
-4.13747 -4.55789 1.20787
-3.4034 -3.97731 0.660661
-2.36236 -2.9296 0.313647
-1.12112 -1.44811 0.113447
-0.347014 -0.473807 0.0266934
0 0 0
0.0133467 -0.14014 0.0266934
0.0266934 -0.28028 0.0533867
0.04004 -0.42042 0.0800801
0.0266934 -0.28028 0.0533867
0.0133467 -0.14014 0.0266934
0 0 0
0 0 0
0 0 0
0 0 0
0 0 0
0 0 0
0 0 0
0 0 0
0 0 0
0 0 0
0 0 0
0 0 0
-0.133467 0.00667334 0.874208
-0.373707 0.04004 2.6293
-0.667334 0.126793 5.26527
-0.694027 0.2002 6.15282
-0.507174 0.22022 5.27861
-0.213547 0.133467 2.64264
-0.0533867 0.0533867 0.880881
0 0 0
-0.16016 0.02002 0.854188
-0.32032 0.04004 1.70838
-0.48048 0.0600601 2.56256
-0.32032 0.04004 1.70838
-0.16016 0.02002 0.854188
-0.413747 -0.393727 0.587254
-1.32132 -1.24124 1.70838
-2.66934 -2.5292 3.38338
-3.4301 -3.4034 4.54454
-3.17651 -3.67034 5.45879
-1.78846 -3.31665 6.2329
0.0533867 -2.87621 7.31398
1.76176 -2.58258 8.32833
2.89623 -2.51585 8.94895
3.35002 -2.58258 9.02903
3.32332 -2.63597 8.60194
3.12312 -2.60928 7.81448
2.96296 -2.55589 6.86687
2.89623 -2.55589 5.92593
2.86954 -2.60928 5.06507
2.8028 -2.63597 4.29763
2.6293 -2.56924 3.65032
2.33567 -2.42242 3.17651
1.8285 -2.03537 2.59593
1.21455 -1.46146 1.86186
0.560561 -0.714047 0.914248
0.173507 -0.233567 0.3003
0 0 0
0 0 0
0 0 0
0 0 0
0 0 0
0 0 0
0 0 0
0 0 0
0 0 0
0 0 0
0 0 0
0 0 0
0 0 0
0 0 0
0 0 0
0 0 0
0 0 0
0 0 0
0 0 0
0 0 0
0 0 0
-0.186854 -0.326994 0.0266934
-0.667334 -1.02102 0.173507
-1.62829 -2.11545 0.600601
-2.88288 -2.96296 1.42809
-4.31098 -3.45679 2.57591
-5.51218 -3.49016 3.72372
-6.17951 -3.34334 4.47781
-6.05939 -3.08976 4.6313
-5.21855 -2.82282 4.27761
-3.93727 -2.58258 3.67701
-2.53587 -2.33567 3.0297
-1.24124 -2.03537 2.37571
-0.173507 -1.68168 1.67501
0.613947 -1.33467 0.940941
1.12112 -1.08108 0.266934
1.41475 -0.980981 -0.24024
1.6016 -1.02769 -0.540541
1.73507 -1.13447 -0.674007
1.78846 -1.18118 -0.714047
1.57491 -1.02769 -0.640641
1.13447 -0.714047 -0.48048
0.547214 -0.333667 -0.24024
0.44044 -0.1001 -0.233567
0.840841 0 -0.467134
1.41475 0 -0.780781
1.45479 0 -0.787454
0.880881 0 -0.473807
0.306974 0 -0.16016
0 0 0
0 0 0
0 0 0
0 0 0
0 0 0
0 0 0
0 0 0
0 0 0
0 0 0
0 0 0
0 0 0
-0.146813 -0.0734067 0.720721
-0.453787 -0.2002 2.16216
-0.920921 -0.353687 4.32432
-1.09443 -0.36036 5.04505
-0.947614 -0.26026 4.32432
-0.48048 -0.106773 2.16216
-0.16016 -0.0266934 0.720721
0 0 0
0 0 0
0 0 0
0 0 0
0 0 0
0 0 0
0 0 0
0.146813 -0.2002 0.146813
0.36036 -0.593927 0.760761
0.600601 -1.12112 2.25559
0.600601 -1.30797 4.71805
0.573907 -1.11445 7.76777
0.640641 -0.627294 10.7107
0.907574 -0.166834 12.9596
1.18785 0.186854 14.2409
1.38805 0.427094 14.5212
1.57491 0.547214 13.8138
1.88188 0.507174 12.1121
2.34902 0.266934 9.52286
2.85619 -0.166834 6.44645
3.21655 -0.720721 3.51685
3.32332 -1.27461 1.27461
3.2299 -1.71505 -0.113447
3.05639 -1.98198 -0.814147
2.86954 -2.07541 -1.08108
2.64264 -2.0287 -1.1011
2.16216 -1.72172 -0.914248
1.48148 -1.22122 -0.627294
0.694027 -0.587254 -0.293627
0.213547 -0.186854 -0.0934268
0 0 0
0 0 0
0 0 0
0 0 0
0 0 0
0 0 0
0 0 0
0 0 0
0 0 0
0 0 0
0 0 0
0 0 0
0 0 0
0 0 0
0 0 0
0 0 0
0 0 0
0 0 0
0 0 0
0 0 0
0 0 0
0 0 0
0.16016 -0.106773 0.32032
0.48048 -0.306974 0.974308
0.947614 -0.613947 2.01535
1.21455 -0.840841 2.89623
1.28128 -1.03437 3.68368
1.22789 -1.17451 4.31765
1.33467 -1.31465 4.92492
1.61495 -1.4014 5.30531
1.90858 -1.43477 5.39206
2.01535 -1.44144 5.25859
1.73507 -1.28128 4.52452
1.36136 -1.12112 3.71705
1.04104 -0.954288 2.84284
1.13447 -1.07441 2.87621
1.28128 -1.11445 2.88288
1.44144 -1.04104 2.88956
1.44144 -0.720721 2.44244
1.45479 -0.4004 2.04204
1.52152 -0.166834 1.68836
1.42809 -0.0467134 1.28128
1.14781 -0.00667334 0.834168
0.600601 0 0.38038
0.213547 0 0.113447
0 0 0
0 0 0
0 0 0
0 0 0
0 0 0
0 0 0
0 0 0
0 0 0
0 0 0
0 0 0
0 0 0
0 0 0
0 0 0
0 0 0
0 0 0
0 0 0
0 0 0
0.0133467 0.0734067 0.527194
0.0800801 0.226894 1.52152
0.146813 0.38038 2.51585
0.186854 0.387054 2.45579
0.12012 0.233567 1.46146
0.0533867 0.0800801 0.467134
0 0 0
0 0 0
0.16016 0.0533867 0.393727
0.453787 0.133467 1.4014
0.814147 0.22022 3.27661
0.867534 0.193527 5.33867
0.680681 0.0734067 6.98031
0.453787 -0.166834 7.34735
0.507174 -0.520521 6.32633
0.787454 -0.994328 4.37771
1.05439 -1.46813 2.48916
1.10777 -1.75509 1.40807
0.947614 -1.7284 1.15449
0.734067 -1.41475 1.24791
0.627294 -0.967634 1.22789
0.680681 -0.553887 0.960961
0.854188 -0.266934 0.580581
1.06773 -0.106773 0.26026
1.09443 -0.0333667 0.0800801
0.894228 -0.00667334 0.0133467
0.467134 0 0
0.16016 0 0
0 0 0
0 0 0
0 0 0
0 0 0
0 0 0
0 0 0
0 0 0
0 0 0
0 0 0
0 0 0
0 0 0
0 0 0
0 0 0
0 0 0
0 0 0
0 0 0
0 0 0
0 0 0
0 0 0
0 0 0
0 0 0
0 0 0
0 0 0
0 0 0
0 0 0
0 0 0
0 0 0
0 0 0
0 0 0
0.16016 0.0133467 1.32799
0.48048 0.0533867 3.97064
0.960961 0.12012 7.86119
1.29463 0.2002 10.2169
1.52152 0.286954 10.8842
1.69503 0.38038 9.80314
1.97531 0.46046 8.37504
1.98866 0.447114 6.37971
1.62829 0.34034 4.13747
0.854188 0.166834 1.88188
0.453787 0.0800801 0.653987
0.32032 0.0533867 0.173507
0.48048 0.0800801 0.26026
0.32032 0.0533867 0.173507
0.16016 0.0266934 0.0867534
0 0 0
0 0 0
0 0 0
0 0 0
0 0 0
0 0 0
0 0 0
0 0 0
0 0 0
0 0 0
0 0 0
0 0 0
0 0 0
0 0 0
0 0 0
0 0 0
0 0 0
0 0 0
0 0 0
0 0 0
-0.16016 0.0800801 0.633967
-0.32032 0.16016 1.26793
-0.640641 0.347014 2.53587
-0.640641 0.373707 2.53587
-0.640641 0.4004 2.53587
-0.32032 0.213547 1.26793
-0.16016 0.106773 0.633967
0 0 0
0 0 0
0 0 0
0 0 0
0 0 0
0.213547 0.0533867 1.33467
0.694027 0.133467 4.15749
1.46813 0.22022 8.52186
2.09543 0.2002 11.7384
2.45579 0.126793 13.4067
2.50918 0.04004 13.2533
2.52252 0.00667334 12.4258
2.58926 0.00667334 11.0043
2.70938 0.0333667 9.11578
2.8028 0.0800801 6.97364
2.78946 0.106773 4.86486
2.6293 0.0467134 3.07641
2.33567 -0.126793 1.79513
1.98866 -0.36036 1.02769
1.53487 -0.48048 0.600601
1.04104 -0.433767 0.347014
0.493827 -0.233567 0.153487
0.16016 -0.0800801 0.0467134
0.253587 -0.0934268 0.0333667
0.507174 -0.186854 0.0667334
0.827494 -0.306974 0.226894
0.640641 -0.24024 0.32032
0.453787 -0.173507 0.413747
0.133467 -0.0533867 0.253587
0.0667334 -0.0266934 0.126793
0 0 0
0 0 0
0 0 0
0 0 0
0 0 0
0 0 0
0 0 0
0 0 0
0 0 0
0 0 0
0 0 0
0 0 0
0 0 0
0 0 0
0 0 0
0 0 0
0 0 0
0 0 0
0 0 0
0 0 0
0 0 0
0.213547 -0.0800801 1.06773
0.694027 -0.233567 3.24324
1.48148 -0.433767 6.49316
2.17551 -0.48048 8.56857
2.69603 -0.367034 9.20254
2.97631 -0.173507 8.26159
3.14982 -0.113447 6.89356
3.14982 -0.253587 5.4321
2.93627 -0.513847 4.19753
2.58926 -0.734067 3.33667
2.30898 -0.820821 2.8028
1.94862 -0.720721 2.24224
1.48148 -0.513847 1.57491
0.760761 -0.246914 0.760761
0.266934 -0.0800801 0.246914
0 0 0
0 0 0
0 0 0
0 0 0
0 0 0
0 0 0
0 0 0
0 0 0
0 0 0
0 0 0
0 0 0
0 0 0
0 0 0
0 0 0
0 0 0
0 0 0
0 0 0
0 0 0
0 0 0
0 0 0
0 0 0
0 0 0
0 0 0
0 0 0
0 0 0
0 0 0
0 0 0
0 0 0
0 0 0
0 0 0
0 0 0
0.0823045 0 0.658436
0.164609 0 1.31687
0.246914 0 1.97531
0.164609 0 1.31687
0.0823045 0 0.658436
0 0 0
0 0 0
0 0 0
0 0 0
0 0 0
0 0 0
0 0 0
0 0 0
0 0 0
0 0 0
0 0 0
0 0 0
0 0 0
0 0 0
0 0 0
0 0 0
0 0 0
0 0 0
-0.315501 -0.116598 0.528121
-0.768176 -0.240055 1.83813
-1.23457 -0.336077 4.10837
-1.05624 -0.185185 6.31001
-0.658436 -0.0205761 7.81893
-0.384088 0.0891632 8.07956
-0.658436 0.048011 7.35254
-1.16598 -0.0342936 5.95336
-1.5775 -0.178326 4.34842
-1.8107 -0.452675 2.90123
-2.07133 -0.891632 1.73525
-2.62003 -1.46776 0.781893
-3.44307 -2.11934 -0.0411523
-4.21125 -2.7572 -0.727023
-4.5679 -3.2716 -1.24143
-4.45816 -3.59396 -1.59122
-4.12894 -3.75857 -1.78326
-3.8546 -3.89575 -1.76269
-3.73114 -4.12209 -1.48148
-3.7037 -4.44444 -1.01509
-3.7037 -4.77366 -0.534979
-3.29218 -4.43759 -0.198903
-2.46914 -3.40878 -0.0342936
-1.23457 -1.72154 0.00685871
-0.411523 -0.576132 0.00685871
0 0 0
0 0 0
0 0 0
0 0 0
0 0 0
0 0 0
-0.384088 -0.322359 0.898491
-0.768176 -0.644719 1.79698
-1.15226 -0.967078 2.69547
-0.768176 -0.644719 1.79698
-0.384088 -0.322359 0.898491
0 0 0
0 0 0
0 0 0
0 0 0
0 0 0
0 0 0
0 0 0
-0.0960219 0 0.658436
-0.356653 0.00685871 1.96159
-0.919067 0.0411523 3.86145
-1.74211 0.130316 4.95885
-2.78464 0.281207 5.18519
-3.79973 0.459534 4.54733
-4.58162 0.610425 3.78601
-5.00686 0.69273 3.01097
-5.13032 0.685871 2.31139
-5.02058 0.569273 1.74897
-4.66392 0.329218 1.35117
-4.06036 0 1.09739
-3.33333 -0.336077 0.932785
-2.46914 -0.500686 0.740741
-1.60494 -0.466392 0.507545
-0.740741 -0.253772 0.240055
-0.233196 -0.0891632 0.0754458
0 0 0
0 0 0
0 0 0
0 0 0
0 0 0
0 0 0
0 0 0
0 0 0
0 0 0
0 0 0
0 0 0
0 0 0
0 0 0
0 0 0
0 0 0
0 0 0
0 0 0
0 0 0
0 0 0
0 0 0
0 0 0
0 0 0
0 0 0
0 0 0
0 0 0
0 0 0
0 0 0
0 0 0
0 0 0
0 0 0
0 0 0
0 0 0
0 0 0
0 0 0
-0.288066 -0.26749 0.699588
-0.960219 -0.843621 2.05075
-2.01646 -1.70782 4.06036
-2.79835 -2.2428 5.42524
-2.97668 -2.26337 6.3786
-2.40055 -1.74897 7.00274
-1.44033 -1.12483 7.81207
-0.466392 -0.644719 8.40192
0.164609 -0.390947 8.44993
0.301783 -0.253772 7.90123
0.0274348 -0.0891632 6.95473
-0.438957 0.123457 5.89849
-0.864198 0.288066 4.93827
-1.08368 0.322359 4.14952
-1.02881 0.240055 3.53909
-0.79561 0.123457 3.107
-0.576132 0.0411523 2.82579
-0.42524 0.00685871 2.37997
-0.329218 0 1.72154
-0.178326 0 0.843621
-0.0685871 0 0.274348
0 0 0
0 0 0
0 0 0
0 0 0
0 0 0
0 0 0
0 0 0
0 0 0
0 0 0
0 0 0
0 0 0
0 0 0
0 0 0
0 0 0
0 0 0
0 0 0
0 0 0
0 0 0
0 0 0
0 0 0
0 0 0
0 0 0
0 0 0
0 0 0
0 0 0
-0.37037 -0.15775 0.274348
-1.24829 -0.500686 1.03567
-2.74348 -1.02195 2.4417
-4.15638 -1.37174 3.99863
-5.18519 -1.45405 5.25377
-5.52812 -1.23457 5.80933
-5.33608 -0.884774 5.72016
-4.65021 -0.466392 5.15775
-3.63512 -0.0411523 4.369
-2.56516 0.322359 3.56653
-1.74211 0.576132 2.86008
-1.34431 0.727023 2.27023
-1.33059 0.823045 1.77641
-1.30316 0.788752 1.28258
-1.06996 0.624143 0.809328
-0.562414 0.322359 0.363512
-0.192044 0.109739 0.109739
0 0 0
0 0 0
0 0 0
0 0 0
0 0 0
0 0 0
0 0 0
0 0 0
0 0 0
0 0 0
0 0 0
0 0 0
0 0 0
0 0 0
0 0 0
0 0 0
0 0 0
0 0 0
0 0 0
0 0 0
0 0 0
0 0 0
0 0 0
0 0 0
0 0 0
0 0 0
0 0 0
0 0 0
0 0 0
0 0 0
0 0 0
0 0 0
0 0 0
0 0 0
0 0 0
0 0 0
-0.0823045 0.0274348 0.973937
-0.137174 0.0617284 3.35391
-0.0685871 0.0960219 7.42798
0.356653 0.0823045 11.3717
0.960219 0.0754458 14.2936
1.55007 0.0960219 15.4527
1.86557 0.144033 15.2675
1.85185 0.137174 13.8134
1.48148 0.0205761 11.3169
0.781893 -0.192044 8.26475
-0.109739 -0.42524 5.34294
-0.932785 -0.596708 3.12757
-1.44033 -0.658436 1.79698
-1.5775 -0.603567 1.15226
-1.53635 -0.459534 0.884774
-1.55007 -0.288066 0.781893
-1.46776 -0.144033 0.665295
-1.19342 -0.0617284 0.493827
-0.631001 -0.0205761 0.246914
-0.219479 -0.00685871 0.0823045
0 0 0
0 0 0
0 0 0
0 0 0
0 0 0
0 0 0
0 0 0
0 0 0
0 0 0
0 0 0
0 0 0
0 0 0
0 0 0
0 0 0
0 0 0
0 0 0
0 0 0
0 0 0
0 0 0
0 0 0
0 0 0
0 0 0
0 0 0
-0.178326 -0.0823045 0.953361
-0.438957 -0.240055 3.03155
-0.672154 -0.452675 6.32373
-0.42524 -0.528121 8.92318
0.178326 -0.452675 10.4184
0.960219 -0.246914 10.5281
1.55007 -0.0411523 10.0892
1.86557 0.116598 9.28669
1.74211 0.178326 7.61317
1.37174 0.21262 5.88477
0.891632 0.26749 4.19067
0.713306 0.42524 3.95748
0.589849 0.576132 3.84774
0.42524 0.658436 3.88889
3.70074e-17 0.596708 3.4225
-0.48011 0.418381 3.14129
-0.836763 0.150892 3.01097
-0.877915 -0.0754458 2.6406
-0.658436 -0.185185 1.97531
-0.315501 -0.130316 0.987654
-0.0960219 -0.0548697 0.329218
0 0 0
0 0 0
0 0 0
0 0 0
0 0 0
0 0 0
0 0 0
0 0 0
0 0 0
0 0 0
0 0 0
0 0 0
0 0 0
0 0 0
0 0 0
0 0 0
0 0 0
0 0 0
0 0 0
0 0 0
0 0 0
-0.0685871 -0.0548697 0.548697
-0.164609 -0.171468 1.86557
-0.219479 -0.315501 4.18381
-0.0274348 -0.329218 6.55693
0.342936 -0.185185 8.48422
0.685871 0.0137174 9.19067
0.699588 0.0685871 8.55967
0.37037 -0.0823045 6.78326
-0.0411523 -0.342936 4.83539
-0.205761 -0.569273 3.77915
-0.0137174 -0.69273 3.90261
0.384088 -0.733882 4.5679
0.768176 -0.740741 4.93141
1.00137 -0.740741 4.67764
0.973937 -0.658436 3.73114
0.727023 -0.493827 2.49657
0.356653 -0.246914 1.15912
0.0411523 -0.137174 0.685871
-0.137174 -0.109739 0.644719
-0.205761 -0.164609 0.967078
-0.137174 -0.109739 0.644719
-0.0685871 -0.0548697 0.322359
0 0 0
0 0 0
0 0 0
0 0 0
0 0 0
0 0 0
0 0 0
0 0 0
0 0 0
0 0 0
0 0 0
0 0 0
0 0 0
0 0 0
0 0 0
0 0 0
0 0 0
0 0 0
0 0 0
0 0 0
0 0 0
0 0 0
0 0 0
0.452675 -0.0205761 1.62551
1.27572 -0.048011 4.74623
2.40055 -0.0754458 9.19067
2.86694 -0.0617284 11.5364
2.78464 -0.0411523 11.8999
2.23594 -0.0411523 10.5213
1.7284 -0.109739 9.28669
1.22085 -0.26749 8.23731
0.672154 -0.528121 7.22222
0.205761 -0.69273 5.71331
-0.0960219 -0.672154 3.79973
-0.37037 -0.555556 1.82442
-0.79561 -0.679012 0.720165
-1.20713 -0.898491 0.322359
-1.19342 -0.919067 0.294925
-0.713306 -0.555556 0.171468
-0.233196 -0.192044 0.048011
0 0 0
0 0 0
0 0 0
0 0 0
0 0 0
0 0 0
0 0 0
0 0 0
0 0 0
0 0 0
0 0 0
0 0 0
0 0 0
0 0 0
0 0 0
0 0 0
0 0 0
0 0 0
0 0 0
0 0 0
0 0 0
0 0 0
0 0 0
0 0 0
0 0 0
0 0 0
0.342936 0.0617284 1.74211
1.04252 0.205761 5.34979
2.11248 0.459534 10.8093
2.89438 0.720165 14.4993
3.36077 0.946502 15.9465
3.42936 1.0631 14.904
3.29218 1.06996 13.107
2.86694 0.980796 10.8711
2.2085 0.864198 8.51852
1.48148 0.781893 6.33059
0.823045 0.740741 4.51989
0.342936 0.644719 3.00412
0.0548697 0.473251 1.79012
-0.0274348 0.233196 0.781893
-0.0274348 0.0754458 0.233196
0 0 0
0 0 0
0 0 0
0 0 0
0 0 0
0 0 0
0 0 0
0 0 0
0 0 0
0 0 0
0 0 0
0 0 0
0 0 0
0 0 0
0 0 0
0 0 0
0 0 0
0 0 0
0 0 0
0 0 0
0 0 0
0 0 0
0 0 0
0 0 0
0 0 0
0 0 0
0 0 0
0 0 0
0 0 0
0.0274348 -0.0205761 0.672154
0.0548697 -0.0411523 1.34431
0.0823045 -0.0617284 2.01646
0.301783 0.0548697 2.82579
0.768176 0.329218 5.2332
1.48148 0.788752 9.27298
1.97531 1.22771 12.6063
2.2085 1.54321 14.1564
2.1262 1.67353 13.5734
1.893 1.6941 12.1331
1.45405 1.68038 10.0412
0.85048 1.70096 7.70919
0.205761 1.79012 5.57613
-0.342936 1.90672 3.92318
-0.699588 1.96845 2.81207
-0.768176 1.74211 1.98217
-0.603567 1.26886 1.28944
-0.301783 0.617284 0.603567
-0.0960219 0.198903 0.192044
0 0 0
0 0 0
0 0 0
0 0 0
0 0 0
0 0 0
0 0 0
0 0 0
